 252  2.474  |  0.000  |  0.509  0.496 
 284  2.449  |  0.989  |  0.511  0.495 
 321  2.404  |  1.474  |  0.510  0.495 
 326  2.507  |  1.946  |  0.511  0.495 
 355  2.425  |  2.468  |  0.510  0.495 
 432  2.413  |  2.442  |  0.507  0.498 
 437  2.395  |  2.433  |  0.507  0.498 
 457  2.460  |  2.427  |  0.507  0.499 
 476  2.441  |  2.431  |  0.507  0.499 
 497  2.404  |  2.430  |  0.507  0.499 
 523  2.431  |  2.421  |  0.496  0.510 
 526  2.468  |  2.434  |  0.496  0.509 
 537  2.459  |  2.442  |  0.496  0.509 
 579  2.464  |  2.444  |  0.459  0.547 
 583  2.480  |  2.457  |  0.457  0.549 
 591  2.378  |  2.470  |  0.459  0.547 
 613  2.453  |  2.432  |  0.460  0.545 
 622  2.478  |  2.446  |  0.460  0.545 
 741  2.484  |  2.453  |  0.444  0.561 
 749  2.479  |  2.455  |  0.453  0.553 
 754  2.469  |  2.475  |  0.453  0.553 
 789  2.463  |  2.476  |  0.460  0.546 
 801  2.500  |  2.472  |  0.460  0.546 
 821  2.502  |  2.482  |  0.454  0.551 
 823  2.494  |  2.487  |  0.454  0.551 
 868  2.491  |  2.491  |  0.452  0.553 
 911  2.416  |  2.496  |  0.426  0.579 
 930  2.449  |  2.464  |  0.430  0.576 
 969  2.515  |  2.460  |  0.426  0.579 
 1012  2.459  |  2.477  |  0.434  0.571 
 1030  2.499  |  2.460  |  0.440  0.565 
 1040  2.451  |  2.484  |  0.441  0.565 
 1053  2.526  |  2.475  |  0.430  0.576 
 1097  2.500  |  2.492  |  0.431  0.574 
 1119  2.435  |  2.495  |  0.427  0.579 
 1125  2.478  |  2.469  |  0.427  0.579 
 1173  2.491  |  2.484  |  0.420  0.586 
 1218  2.476  |  2.479  |  0.421  0.584 
 1259  2.499  |  2.471  |  0.423  0.582 
 1273  2.511  |  2.489  |  0.420  0.586 
 1314  2.498  |  2.497  |  0.409  0.597 
 1342  2.464  |  2.496  |  0.399  0.607 
 1345  2.529  |  2.487  |  0.398  0.607 
 1365  2.544  |  2.506  |  0.398  0.607 
 1399  2.456  |  2.516  |  0.392  0.614 
 1400  2.468  |  2.490  |  0.392  0.614 
 1459  2.433  |  2.493  |  0.395  0.610 
 1505  2.445  |  2.467  |  0.402  0.604 
 1534  2.505  |  2.449  |  0.402  0.604 
 1571  2.514  |  2.471  |  0.396  0.610 
 1574  2.427  |  2.482  |  0.396  0.610 
 1596  2.464  |  2.463  |  0.397  0.608 
 1603  2.448  |  2.475  |  0.393  0.613 
 1624  2.513  |  2.460  |  0.393  0.613 
 1629  2.499  |  2.473  |  0.393  0.613 
 1637  2.497  |  2.485  |  0.393  0.613 
 1644  2.466  |  2.491  |  0.395  0.611 
 1677  2.530  |  2.488  |  0.396  0.610 
 1685  2.353  |  2.504  |  0.396  0.610 
 1724  2.475  |  2.440  |  0.392  0.614 
 1798  2.450  |  2.460  |  0.391  0.615 
 1849  2.263  |  2.452  |  0.394  0.612 
 1898  2.483  |  2.361  |  0.394  0.612 
 1916  2.448  |  2.431  |  0.393  0.613 
 1924  2.382  |  2.418  |  0.392  0.613 
 1941  2.285  |  2.391  |  0.395  0.611 
 1974  2.416  |  2.377  |  0.392  0.613 
 2019  2.458  |  2.390  |  0.392  0.613 
 2057  2.404  |  2.400  |  0.390  0.616 
 2089  2.424  |  2.393  |  0.389  0.617 
 2095  2.403  |  2.425  |  0.389  0.617 
 2100  2.528  |  2.418  |  0.389  0.617 
 2438  2.531  |  2.457  |  0.389  0.617 
 2552  2.536  |  2.484  |  0.383  0.623 
 2555  2.521  |  2.507  |  0.383  0.623 
 2556  2.555  |  2.528  |  0.383  0.623 
 2580  2.574  |  2.540  |  0.383  0.623 
 2622  2.551  |  2.552  |  0.386  0.620 
 2676  2.552  |  2.550  |  0.386  0.620 
 2707  2.530  |  2.557  |  0.386  0.620 
 2739  2.480  |  2.547  |  0.389  0.617 
 2763  2.558  |  2.518  |  0.389  0.617 
 2781  2.535  |  2.536  |  0.389  0.617 
 2827  2.537  |  2.528  |  0.389  0.617 
 2896  2.409  |  2.529  |  0.389  0.617 
 2917  2.508  |  2.490  |  0.389  0.617 
 3071  2.581  |  2.499  |  0.391  0.615 
 3133  2.538  |  2.523  |  0.390  0.616 
 3162  2.577  |  2.515  |  0.388  0.618 
 3492  2.508  |  2.556  |  0.390  0.617 
 3496  2.569  |  2.542  |  0.391  0.615 
 3517  2.601  |  2.552  |  0.389  0.617 
 3550  2.656  |  2.571  |  0.389  0.617 
 3563  2.584  |  2.598  |  0.389  0.617 
 3573  2.553  |  2.599  |  0.389  0.617 
 3583  2.545  |  2.589  |  0.389  0.617 
 3585  2.617  |  2.577  |  0.389  0.617 
 3640  2.609  |  2.583  |  0.385  0.621 
 3699  2.591  |  2.587  |  0.388  0.619 
 3700  2.579  |  2.591  |  0.388  0.619 
 3725  2.652  |  2.595  |  0.389  0.618 
 3754  2.637  |  2.617  |  0.396  0.610 
 3760  2.550  |  2.619  |  0.394  0.612 
 3805  2.651  |  2.594  |  0.400  0.606 
 3806  2.662  |  2.628  |  0.400  0.606 
 3856  2.640  |  2.633  |  0.404  0.602 
 3936  2.623  |  2.629  |  0.404  0.602 
 3979  2.628  |  2.640  |  0.402  0.604 
