 252  2.368  |  0.000  |  0.509  0.496 
 284  2.378  |  0.947  |  0.511  0.495 
 321  2.373  |  1.425  |  0.510  0.495 
 326  2.429  |  1.898  |  0.511  0.495 
 355  2.380  |  2.395  |  0.510  0.495 
 432  2.396  |  2.388  |  0.507  0.498 
 437  2.384  |  2.395  |  0.507  0.498 
 457  2.382  |  2.395  |  0.507  0.499 
 476  2.392  |  2.385  |  0.507  0.499 
 497  2.366  |  2.389  |  0.507  0.499 
 523  2.451  |  2.378  |  0.496  0.510 
 526  2.439  |  2.408  |  0.496  0.509 
 537  2.428  |  2.417  |  0.496  0.509 
 579  2.412  |  2.422  |  0.459  0.547 
 583  2.369  |  2.428  |  0.457  0.549 
 591  2.371  |  2.403  |  0.459  0.547 
 613  2.372  |  2.390  |  0.460  0.545 
 622  2.389  |  2.379  |  0.460  0.545 
 741  2.386  |  2.378  |  0.444  0.561 
 749  2.409  |  2.381  |  0.453  0.553 
 754  2.434  |  2.393  |  0.453  0.553 
 789  2.343  |  2.410  |  0.460  0.546 
 801  2.408  |  2.383  |  0.460  0.546 
 821  2.407  |  2.400  |  0.454  0.551 
 823  2.326  |  2.400  |  0.454  0.551 
 868  2.392  |  2.362  |  0.452  0.553 
 911  2.404  |  2.385  |  0.426  0.579 
 930  2.421  |  2.387  |  0.430  0.576 
 969  2.396  |  2.393  |  0.426  0.579 
 1012  2.383  |  2.402  |  0.434  0.571 
 1030  2.353  |  2.397  |  0.440  0.565 
 1040  2.374  |  2.381  |  0.441  0.565 
 1053  2.376  |  2.376  |  0.430  0.576 
 1097  2.405  |  2.373  |  0.431  0.574 
 1119  2.454  |  2.383  |  0.427  0.579 
 1125  2.467  |  2.413  |  0.427  0.579 
 1173  2.372  |  2.434  |  0.420  0.586 
 1218  2.361  |  2.414  |  0.421  0.584 
 1259  2.395  |  2.403  |  0.423  0.582 
 1273  2.381  |  2.398  |  0.420  0.586 
 1314  2.395  |  2.378  |  0.409  0.597 
 1342  2.360  |  2.386  |  0.399  0.607 
 1345  2.384  |  2.379  |  0.398  0.607 
 1365  2.412  |  2.381  |  0.398  0.607 
 1399  2.359  |  2.393  |  0.392  0.614 
 1400  2.443  |  2.375  |  0.392  0.614 
 1459  2.356  |  2.408  |  0.395  0.610 
 1505  2.375  |  2.385  |  0.402  0.604 
 1534  2.371  |  2.382  |  0.402  0.604 
 1571  2.395  |  2.383  |  0.396  0.610 
 1574  2.366  |  2.379  |  0.396  0.610 
 1596  2.363  |  2.375  |  0.397  0.608 
 1603  2.382  |  2.372  |  0.393  0.613 
 1624  2.385  |  2.378  |  0.393  0.613 
 1629  2.336  |  2.376  |  0.393  0.613 
 1637  2.406  |  2.360  |  0.393  0.613 
 1644  2.392  |  2.383  |  0.395  0.611 
 1677  2.379  |  2.382  |  0.396  0.610 
 1685  2.369  |  2.378  |  0.396  0.610 
 1724  2.351  |  2.383  |  0.392  0.614 
 1798  2.444  |  2.369  |  0.391  0.615 
 1849  2.379  |  2.398  |  0.394  0.612 
 1898  2.332  |  2.385  |  0.394  0.612 
 1916  2.329  |  2.368  |  0.393  0.613 
 1924  2.419  |  2.363  |  0.392  0.613 
 1941  2.397  |  2.376  |  0.395  0.611 
 1974  2.376  |  2.375  |  0.392  0.613 
 2019  2.387  |  2.379  |  0.392  0.613 
 2057  2.355  |  2.393  |  0.390  0.616 
 2089  2.393  |  2.374  |  0.389  0.617 
 2095  2.364  |  2.381  |  0.389  0.617 
 2100  2.395  |  2.373  |  0.389  0.617 
 2438  2.406  |  2.381  |  0.389  0.617 
 2552  2.355  |  2.393  |  0.383  0.623 
 2555  2.407  |  2.375  |  0.383  0.623 
 2556  2.380  |  2.394  |  0.383  0.623 
 2580  2.376  |  2.386  |  0.383  0.623 
 2622  2.404  |  2.379  |  0.386  0.620 
 2676  2.392  |  2.394  |  0.386  0.620 
 2707  2.380  |  2.389  |  0.386  0.620 
 2739  2.356  |  2.386  |  0.389  0.617 
 2763  2.368  |  2.377  |  0.389  0.617 
 2781  2.402  |  2.373  |  0.389  0.617 
 2827  2.376  |  2.382  |  0.389  0.617 
 2896  2.439  |  2.376  |  0.389  0.617 
 2917  2.391  |  2.405  |  0.389  0.617 
 3071  2.397  |  2.400  |  0.391  0.615 
 3133  2.419  |  2.400  |  0.390  0.616 
 3162  2.432  |  2.413  |  0.388  0.618 
 3492  2.383  |  2.414  |  0.390  0.617 
 3496  2.426  |  2.403  |  0.391  0.615 
 3517  2.401  |  2.417  |  0.389  0.617 
 3550  2.430  |  2.409  |  0.389  0.617 
 3563  2.397  |  2.414  |  0.389  0.617 
 3573  2.375  |  2.410  |  0.389  0.617 
 3583  2.513  |  2.396  |  0.389  0.617 
 3585  2.387  |  2.446  |  0.389  0.617 
 3640  2.363  |  2.412  |  0.385  0.621 
 3699  2.407  |  2.400  |  0.388  0.619 
 3700  2.411  |  2.416  |  0.388  0.619 
 3725  2.428  |  2.396  |  0.389  0.618 
 3754  2.426  |  2.407  |  0.396  0.610 
 3760  2.397  |  2.420  |  0.394  0.612 
 3805  2.431  |  2.412  |  0.400  0.606 
 3806  2.405  |  2.422  |  0.400  0.606 
 3856  2.439  |  2.413  |  0.404  0.602 
 3936  2.449  |  2.422  |  0.404  0.602 
 3979  2.406  |  2.435  |  0.402  0.604 
