 503 0 400.000000 0.500000 -611.435635 12.382139 0.000000 0.382379 
 504 0 400.000000 0.500000 -611.302290 12.391069 0.000000 0.793918 
 507 1 400.000000 0.510204 -624.931083 12.637266 -0.000000 -0.202297 
 508 0 400.000000 0.538462 -660.046270 13.321682 -0.000000 0.243455 
 510 0 400.000000 0.555556 -675.132276 13.757058 0.000000 0.352150 
 517 0 400.000000 0.520833 -636.513567 12.880430 0.000000 1.308025 
 525 0 400.000000 0.541667 -660.459466 13.413368 0.000000 1.315227 
 528 0 400.000000 0.565217 -686.516357 13.990963 0.000000 1.227646 
 530 0 400.000000 0.520000 -637.134916 12.867029 0.000000 1.145441 
 532 0 400.000000 0.530612 -648.991360 13.116204 0.000000 0.714205 
 533 0 400.000000 0.489796 -601.585608 12.120447 0.000000 0.442625 
 536 0 400.000000 0.500000 -614.435601 12.375261 0.000000 0.483191 
 538 0 400.000000 0.489796 -601.642584 12.120856 0.000000 0.620806 
 542 0 400.000000 0.509804 -626.526310 12.617250 0.000000 0.231943 
 555 1 400.000000 0.520000 -637.849425 12.847094 -0.000000 -0.067368 
 557 0 400.000000 0.530612 -648.881927 13.118465 0.000000 0.122552 
 559 0 400.000000 0.520000 -637.095842 12.897330 0.000000 0.426360 
 562 0 400.000000 0.553191 -673.447860 13.725489 0.000000 1.138601 
 563 0 400.000000 0.500000 -612.724903 12.344109 0.000000 0.863219 
 564 0 400.000000 0.565217 -686.608354 13.987488 0.000000 0.851468 
 566 0 400.000000 0.520000 -636.733598 12.838792 0.000000 0.397574 
 567 0 400.000000 0.520000 -636.919582 12.863134 0.000000 0.535276 
 569 0 400.000000 0.520000 -637.502461 12.848137 0.000000 0.727855 
 570 0 400.000000 0.520000 -636.815968 12.876814 0.000000 0.518480 
 571 0 400.000000 0.510204 -624.929268 12.646003 0.000000 0.719116 
 572 1 400.000000 0.547170 -670.457827 13.514017 -0.000000 -0.126604 
 573 0 400.000000 0.557692 -682.116702 13.821975 0.000000 0.480069 
 575 0 400.000000 0.568627 -693.494912 14.036162 0.000000 0.714705 
 580 0 400.000000 0.568627 -693.924062 14.068624 0.000000 0.943609 
 584 0 400.000000 0.538462 -660.433262 13.307668 -0.000000 0.458910 
 588 0 400.000000 0.530612 -648.834630 13.165694 0.000000 0.832102 
 593 0 400.000000 0.555556 -681.534820 13.717233 0.000000 0.384194 
 594 0 400.000000 0.576923 -704.303594 14.302959 0.000000 1.557410 
 601 0 400.000000 0.555556 -681.628468 13.735546 0.000000 0.192404 
 603 0 400.000000 0.576923 -704.547820 14.284967 0.000000 0.604235 
 605 0 400.000000 0.545455 -670.815921 13.483090 0.000000 0.342927 
 606 0 400.000000 0.576923 -704.329482 14.281280 0.000000 1.140023 
 607 0 400.000000 0.545455 -670.408584 13.486207 0.000000 0.264639 
 608 0 400.000000 0.553571 -680.071960 13.685593 -0.000000 0.774673 
 610 0 400.000000 0.553571 -680.444946 13.679328 -0.000000 0.232989 
 611 0 400.000000 0.553571 -680.550624 13.693241 -0.000000 0.291804 
 612 0 400.000000 0.545455 -670.220362 13.501612 0.000000 0.660661 
 615 0 400.000000 0.537037 -660.336902 13.280792 0.000000 0.325982 
 617 0 400.000000 0.535714 -659.543050 13.266828 -0.000000 0.692494 
 620 0 400.000000 0.545455 -669.655267 13.512677 0.000000 0.640732 
 622 0 400.000000 0.500000 -614.317725 12.362395 0.000000 1.704345 
 624 0 400.000000 0.545455 -669.854663 13.491932 0.000000 0.331226 
 625 0 400.000000 0.555556 -681.189183 13.741864 0.000000 0.197979 
 630 1 400.000000 0.553571 -680.442147 13.712951 -0.000000 -0.009425 
 632 0 400.000000 0.561404 -689.733321 13.870991 -0.000000 0.327534 
 633 0 400.000000 0.563636 -690.873776 13.957738 0.000000 0.294662 
 634 0 400.000000 0.563636 -690.625010 13.940674 0.000000 0.923549 
 635 0 400.000000 0.596154 -726.131943 14.735841 0.000000 1.437231 
 636 0 400.000000 0.545455 -670.270112 13.518277 0.000000 1.131980 
 637 1 400.000000 0.561404 -689.928203 13.877296 -0.000000 -0.048483 
 640 0 400.000000 0.551724 -679.796569 13.632965 -0.000000 0.013401 
 642 0 400.000000 0.568966 -698.871070 14.129663 -0.000000 0.367791 
 644 0 400.000000 0.553571 -680.354511 13.667809 0.000000 0.792855 
 650 0 400.000000 0.553571 -680.459665 13.688539 0.000000 0.683067 
 653 1 400.000000 0.568966 -699.756092 14.076201 -0.000000 -0.050964 
 654 0 400.000000 0.578947 -708.993498 14.328502 0.000000 1.958136 
 655 0 400.000000 0.576271 -708.346557 14.251300 -0.000000 0.667282 
 656 0 400.000000 0.576271 -707.766195 14.272701 -0.000000 0.365327 
 657 0 400.000000 0.578947 -709.886506 14.326461 0.000000 0.268038 
 658 0 400.000000 0.561404 -690.389062 13.872820 0.000000 0.035001 
 662 0 400.000000 0.578947 -710.099938 14.315724 0.000000 0.222899 
 666 0 400.000000 0.576271 -708.521024 14.244768 0.000000 0.253556 
 668 0 400.000000 0.566667 -698.260041 14.003837 0.000000 0.668414 
 674 0 400.000000 0.607143 -741.461565 15.009249 0.000000 1.290808 
 675 0 400.000000 0.576271 -708.336502 14.238724 0.000000 1.245806 
 676 0 400.000000 0.566667 -697.924402 14.017287 0.000000 0.763269 
 677 0 400.000000 0.607143 -741.648716 15.019483 0.000000 1.014694 
 684 0 400.000000 0.566667 -698.405311 13.994179 0.000000 0.686465 
 685 0 400.000000 0.576271 -708.589141 14.249071 0.000000 0.234441 
 687 0 400.000000 0.596491 -730.131979 14.730028 0.000000 1.236882 
 689 0 400.000000 0.557377 -687.774002 13.797318 -0.000000 0.282504 
 690 0 400.000000 0.551724 -679.542301 13.625669 0.000000 0.774372 
 694 0 400.000000 0.527273 -649.264242 13.048403 0.000000 0.848742 
 695 0 400.000000 0.566667 -697.507091 14.024261 0.000000 0.508281 
 697 0 400.000000 0.583333 -717.229687 14.432415 0.000000 0.573416 
 698 0 400.000000 0.573770 -705.994911 14.196193 0.000000 0.370114 
 699 0 400.000000 0.603448 -737.831684 14.904804 0.000000 1.408838 
 701 0 400.000000 0.614035 -748.729385 15.211495 0.000000 1.552270 
 707 0 400.000000 0.555556 -686.458009 13.779934 -0.000000 0.357760 
 708 0 400.000000 0.578125 -713.372396 14.271021 -0.000000 0.403256 
 709 0 400.000000 0.573770 -705.705130 14.175986 0.000000 1.604584 
 710 0 400.000000 0.603448 -737.694617 14.961691 0.000000 1.262221 
 713 0 400.000000 0.557377 -687.549412 13.817436 0.000000 0.380653 
 717 0 400.000000 0.573770 -705.801129 14.186601 0.000000 0.532465 
 719 0 400.000000 0.557377 -688.070002 13.808263 0.000000 0.435043 
 720 0 400.000000 0.564516 -696.844525 13.955950 0.000000 0.094641 
 726 0 400.000000 0.593220 -727.578639 14.662982 0.000000 0.933764 
 728 0 400.000000 0.542373 -669.410999 13.419494 0.000000 1.359550 
 733 0 400.000000 0.540984 -669.162512 13.370903 0.000000 1.542977 
 734 0 400.000000 0.582090 -720.415489 14.411769 -0.000000 0.461469 
 736 0 400.000000 0.571429 -705.502973 14.117293 0.000000 0.351210 
 743 1 400.000000 0.552239 -685.957425 13.640005 -0.000000 0.003726 
 746 0 400.000000 0.552239 -685.990103 13.646152 0.000000 0.630919 
 748 0 400.000000 0.587302 -723.038879 14.515131 0.000000 1.329830 
 749 0 400.000000 0.587302 -722.939245 14.509245 0.000000 1.074373 
 751 0 400.000000 0.528571 -660.685689 13.072480 -0.000000 0.134038 
 753 0 400.000000 0.569231 -703.549857 14.053864 0.000000 0.778377 
 754 0 400.000000 0.587302 -722.349495 14.528747 0.000000 1.661059 
 755 0 400.000000 0.552239 -685.512391 13.636450 0.000000 0.835368 
 756 1 400.000000 0.545455 -677.556192 13.473979 0.000000 0.003978 
 759 0 400.000000 0.516129 -640.906679 12.746652 0.000000 1.179175 
 764 0 400.000000 0.552239 -685.804163 13.619552 -0.000000 0.247246 
 768 0 400.000000 0.571429 -704.738858 14.115000 0.000000 1.007564 
 771 0 400.000000 0.552239 -685.436545 13.647561 -0.000000 0.150375 
 773 0 400.000000 0.580645 -714.107939 14.325616 0.000000 1.227579 
 776 0 400.000000 0.531250 -659.241276 13.101018 0.000000 0.269224 
 777 0 400.000000 0.552239 -685.538803 13.662998 -0.000000 0.414107 
 780 0 400.000000 0.545455 -677.004004 13.499733 0.000000 1.036513 
 782 0 400.000000 0.580645 -715.242395 14.318836 0.000000 1.050043 
 785 0 400.000000 0.553846 -686.768344 13.673822 0.000000 0.373584 
 786 0 400.000000 0.538462 -668.702221 13.315170 0.000000 0.406146 
 788 0 400.000000 0.545455 -677.276846 13.467083 0.000000 1.019207 
 789 0 400.000000 0.552239 -686.635638 13.642184 -0.000000 0.197913 
 790 0 400.000000 0.531250 -659.680279 13.114465 0.000000 0.710445 
 792 0 400.000000 0.553846 -686.678230 13.690840 0.000000 0.201726 
 795 0 400.000000 0.580645 -715.253385 14.353542 0.000000 0.613527 
 799 0 400.000000 0.552239 -685.924570 13.628142 -0.000000 0.169508 
 801 0 400.000000 0.580645 -714.846165 14.344837 0.000000 1.074282 
 803 0 400.000000 0.545455 -676.855712 13.475377 0.000000 0.780013 
 806 0 400.000000 0.562500 -695.761271 13.884009 0.000000 0.280287 
 807 0 400.000000 0.558824 -693.942914 13.804596 -0.000000 0.228016 
 818 1 400.000000 0.550725 -685.211841 13.585776 -0.000000 -0.044914 
 820 0 400.000000 0.584615 -720.766928 14.478033 0.000000 0.993378 
 830 1 400.000000 0.555556 -692.658114 13.713936 -0.000000 0.030706 
 835 0 400.000000 0.549296 -684.990785 13.568806 0.000000 0.764665 
 841 0 400.000000 0.567568 -707.836199 14.020315 -0.000000 0.185236 
 843 0 400.000000 0.555556 -693.205148 13.724838 0.000000 0.651423 
 849 0 400.000000 0.573333 -715.706445 14.146904 -0.000000 0.133580 
 850 0 400.000000 0.547945 -684.755406 13.546363 -0.000000 0.257421 
 852 0 400.000000 0.542857 -677.742809 13.385844 0.000000 1.026063 
 855 1 400.000000 0.547945 -685.405037 13.513575 -0.000000 -0.103666 
 857 1 400.000000 0.554054 -692.726946 13.662045 -0.000000 -0.006514 
 859 0 400.000000 0.567568 -707.382637 14.036683 0.000000 0.901636 
 860 0 400.000000 0.546667 -685.236140 13.487060 0.000000 0.486230 
 864 0 400.000000 0.545455 -684.657653 13.456088 -0.000000 0.371423 
 869 0 400.000000 0.552632 -691.955200 13.614387 0.000000 0.263882 
 871 0 400.000000 0.558442 -699.327860 13.796567 -0.000000 0.291748 
 875 1 400.000000 0.556962 -698.710059 13.730734 -0.000000 -0.046292 
 877 0 400.000000 0.556962 -698.900825 13.747589 0.000000 0.097757 
 882 0 400.000000 0.550000 -690.925098 13.595679 -0.000000 0.686418 
 886 0 400.000000 0.546667 -684.289159 13.476100 0.000000 0.873688 
 889 0 400.000000 0.540541 -676.807500 13.318070 0.000000 0.571912 
 895 0 400.000000 0.556962 -699.126041 13.713286 0.000000 0.358095 
 897 0 400.000000 0.539474 -677.007635 13.324015 0.000000 0.501478 
 898 0 400.000000 0.562500 -706.185233 13.857085 -0.000000 0.026311 
 900 0 400.000000 0.539474 -677.840042 13.308182 0.000000 0.283170 
 901 1 400.000000 0.567901 -712.829063 13.987458 -0.000000 -0.076795 
 903 0 400.000000 0.575000 -719.574556 14.189473 0.000000 1.221152 
 905 1 400.000000 0.578313 -726.139294 14.280594 -0.000000 -0.022978 
 908 0 400.000000 0.578313 -726.479522 14.281838 0.000000 0.514721 
 912 0 400.000000 0.593023 -744.947100 14.612677 -0.000000 0.326411 
 915 0 400.000000 0.590361 -740.343801 14.547904 0.000000 0.219919 
 918 0 400.000000 0.566265 -712.785053 13.941724 0.000000 0.622779 
 921 0 400.000000 0.581395 -731.480409 14.331273 0.000000 0.202209 
 923 0 400.000000 0.581395 -731.693008 14.335440 0.000000 0.076021 
 924 0 400.000000 0.588889 -742.459108 14.519383 -0.000000 0.267979 
 925 0 400.000000 0.595238 -745.486205 14.691976 0.000000 1.073616 
 926 0 400.000000 0.574713 -724.045394 14.168580 0.000000 0.526346 
 929 0 400.000000 0.588235 -738.653583 14.497716 0.000000 0.182160 
 932 0 400.000000 0.574713 -724.762722 14.171541 0.000000 0.274916 
 933 0 400.000000 0.569767 -717.910671 14.060915 0.000000 0.301564 
 942 0 400.000000 0.588235 -738.190072 14.511558 0.000000 0.798793 
 943 0 400.000000 0.569767 -718.323289 14.052078 0.000000 0.400784 
 946 0 400.000000 0.593023 -744.305974 14.631057 0.000000 0.609514 
 950 1 400.000000 0.577778 -729.830693 14.254180 -0.000000 -0.101144 
 951 0 400.000000 0.595745 -752.605233 14.700746 -0.000000 0.553354 
 953 0 400.000000 0.573034 -723.767370 14.135655 0.000000 0.765518 
 960 0 400.000000 0.568182 -717.865771 14.021811 0.000000 0.465100 
 962 0 400.000000 0.568182 -717.936266 14.028681 0.000000 0.609636 
 965 0 400.000000 0.577778 -730.276453 14.251950 0.000000 0.531848 
 966 0 400.000000 0.590909 -743.563652 14.582179 0.000000 0.633141 
 975 0 400.000000 0.584270 -737.747483 14.399775 0.000000 0.205436 
 976 0 400.000000 0.563218 -712.139606 13.864540 0.000000 0.923030 
 977 0 400.000000 0.577778 -730.533352 14.265665 0.000000 0.482245 
 980 0 400.000000 0.590909 -744.407171 14.572535 0.000000 0.606042 
 985 0 400.000000 0.568182 -718.675023 14.004624 0.000000 0.194109 
 986 0 400.000000 0.558140 -706.045002 13.754406 0.000000 1.433473 
 990 0 400.000000 0.566667 -717.581464 13.976118 0.000000 0.746775 
 991 0 400.000000 0.576087 -729.923108 14.197678 0.000000 0.506635 
 994 1 400.000000 0.569892 -723.268209 14.052404 -0.000000 -0.169453 
 995 0 400.000000 0.552083 -704.800924 13.608579 -0.000000 0.518212 
 997 0 400.000000 0.595506 -748.949410 14.687167 0.000000 1.419448 
 1004 0 400.000000 0.576087 -729.395627 14.201598 0.000000 0.501619 
 1013 0 400.000000 0.565217 -717.235929 13.887679 0.000000 0.521442 
 1015 0 400.000000 0.569892 -722.855528 14.080517 0.000000 0.153371 
 1017 0 400.000000 0.588889 -742.326173 14.547335 0.000000 1.180506 
 1020 0 400.000000 0.582418 -735.244977 14.383316 0.000000 0.728546 
 1029 1 400.000000 0.563830 -715.818950 13.926758 -0.000000 -0.176477 
 1032 0 400.000000 0.554348 -704.384966 13.678381 0.000000 1.017986 
 1034 0 400.000000 0.569892 -722.368183 14.059372 0.000000 1.200078 
 1038 0 400.000000 0.549451 -697.896069 13.554790 0.000000 0.903079 
 1039 0 400.000000 0.557895 -709.995563 13.741999 -0.000000 0.361798 
 1040 0 400.000000 0.569892 -723.128205 14.058996 0.000000 0.346708 
 1042 1 400.000000 0.569892 -723.433067 14.041574 0.000000 -0.057114 
 1043 0 400.000000 0.560440 -710.782855 13.816021 0.000000 0.643743 
 1044 0 400.000000 0.565217 -717.036219 13.940254 0.000000 0.186809 
 1045 0 400.000000 0.565217 -717.289741 13.936803 0.000000 0.241851 
 1046 0 400.000000 0.557895 -710.053549 13.763740 -0.000000 0.404744 
 1050 0 400.000000 0.576087 -729.713522 14.215385 0.000000 0.455876 
 1051 0 400.000000 0.582418 -735.188454 14.346402 0.000000 1.663399 
 1052 1 400.000000 0.574468 -729.150598 14.169529 -0.000000 -0.126170 
 1053 0 400.000000 0.580645 -735.818717 14.328462 0.000000 0.200479 
 1054 0 400.000000 0.574468 -728.683898 14.140508 0.000000 0.771545 
 1056 0 400.000000 0.593407 -747.944209 14.644196 0.000000 1.030520 
 1059 0 400.000000 0.580645 -735.551047 14.319124 0.000000 0.256172 
 1061 0 400.000000 0.600000 -755.355905 14.808464 0.000000 1.006214 
 1070 0 400.000000 0.597826 -753.579903 14.747207 0.000000 1.458706 
 1071 0 400.000000 0.581633 -739.506446 14.319160 -0.000000 0.181010 
 1081 0 400.000000 0.591398 -746.694971 14.587350 0.000000 0.859175 
 1082 0 400.000000 0.572917 -728.070128 14.127821 0.000000 0.438579 
 1085 0 400.000000 0.572917 -727.300051 14.129481 0.000000 0.281764 
 1087 0 400.000000 0.572917 -728.026642 14.127319 0.000000 0.569914 
 1088 0 400.000000 0.591398 -746.150532 14.594348 0.000000 0.654712 
 1089 0 400.000000 0.554348 -704.635912 13.653133 0.000000 0.605652 
 1097 1 400.000000 0.577320 -733.770096 14.244763 -0.000000 -0.062328 
 1099 0 400.000000 0.572917 -728.571887 14.108517 0.000000 0.918549 
 1100 0 400.000000 0.577320 -734.100629 14.236180 0.000000 0.106605 
 1102 0 400.000000 0.577320 -734.081526 14.229680 0.000000 0.352095 
 1103 0 400.000000 0.572917 -728.277431 14.124995 0.000000 0.430896 
 1107 0 400.000000 0.585859 -745.191025 14.425460 -0.000000 0.118486 
 1114 0 400.000000 0.571429 -727.367281 14.076203 -0.000000 1.032409 
 1115 0 400.000000 0.589474 -746.485093 14.512266 0.000000 0.606462 
 1117 0 400.000000 0.581633 -739.958444 14.321280 -0.000000 0.178565 
 1119 0 400.000000 0.585859 -744.558306 14.466861 -0.000000 0.045089 
 1128 0 400.000000 0.581633 -740.265309 14.334032 -0.000000 0.492079 
 1129 0 400.000000 0.585859 -744.377320 14.414177 -0.000000 0.096882 
 1130 0 400.000000 0.577320 -733.688108 14.267635 0.000000 0.360941 
 1131 0 400.000000 0.577320 -733.954455 14.223081 0.000000 0.341646 
 1135 0 400.000000 0.602151 -758.920088 14.839595 0.000000 1.582028 
 1137 0 400.000000 0.589474 -746.122278 14.503731 0.000000 0.752238 
 1140 0 400.000000 0.572917 -728.566685 14.096569 0.000000 0.225991 
 1141 0 400.000000 0.568421 -722.623663 14.031299 0.000000 0.572295 
 1143 0 400.000000 0.602151 -759.319358 14.822327 0.000000 1.188534 
 1147 0 400.000000 0.568421 -722.159487 14.024123 0.000000 0.609229 
 1157 0 400.000000 0.572917 -728.117090 14.114665 0.000000 0.382948 
 1161 0 400.000000 0.568421 -721.888576 14.013295 0.000000 1.068207 
 1166 1 400.000000 0.584158 -744.176345 14.389629 -0.000000 -0.068493 
 1167 0 400.000000 0.588235 -749.410491 14.481499 -0.000000 0.553284 
 1169 0 400.000000 0.608247 -767.567074 14.988981 0.000000 1.827089 
 1176 0 400.000000 0.590000 -750.241113 14.552539 0.000000 0.266375 
 1180 0 400.000000 0.580000 -738.404877 14.308759 0.000000 0.755737 
 1197 0 400.000000 0.584158 -743.698220 14.429830 0.000000 0.948906 
 1198 0 400.000000 0.595960 -755.876967 14.677934 0.000000 0.496335 
 1201 0 400.000000 0.608247 -768.115082 14.991473 0.000000 0.946753 
 1208 0 400.000000 0.575758 -733.391836 14.185486 0.000000 0.650661 
 1211 0 400.000000 0.584158 -743.847603 14.407142 0.000000 0.604928 
 1216 0 400.000000 0.590476 -753.517802 14.522989 -0.000000 0.418206 
 1220 0 400.000000 0.576923 -737.129840 14.242159 -0.000000 0.269559 
 1223 0 400.000000 0.600000 -760.721888 14.813258 0.000000 0.578959 
 1225 0 400.000000 0.606061 -766.603256 14.943318 0.000000 1.237185 
 1229 0 400.000000 0.578431 -738.103710 14.269523 0.000000 0.289355 
 1231 0 400.000000 0.586538 -748.791511 14.459581 -0.000000 0.293852 
 1232 0 400.000000 0.606061 -766.642004 14.946468 0.000000 1.705487 
 1237 0 400.000000 0.574257 -733.486304 14.177730 0.000000 0.336377 
 1238 1 400.000000 0.586538 -748.844274 14.441839 -0.000000 -0.019430 
 1243 0 400.000000 0.592593 -758.258298 14.649708 -0.000000 0.140413 
 1244 0 400.000000 0.590476 -753.678207 14.517744 0.000000 0.317311 
 1246 0 400.000000 0.576923 -738.202318 14.248865 0.000000 0.397313 
 1248 0 400.000000 0.576923 -738.197748 14.218132 0.000000 1.137754 
 1252 0 400.000000 0.596154 -759.399161 14.704315 0.000000 1.148468 
 1254 0 400.000000 0.587156 -752.433145 14.491228 -0.000000 0.491580 
 1256 0 400.000000 0.605769 -770.368576 14.880279 0.000000 1.881925 
 1260 0 400.000000 0.596330 -761.122823 14.695333 0.000000 1.506876 
 1264 0 400.000000 0.570175 -735.920716 14.025011 -0.000000 0.381536 
 1265 0 400.000000 0.568807 -731.560019 14.007067 0.000000 0.823596 
 1268 0 400.000000 0.584071 -751.521902 14.382204 -0.000000 0.445179 
 1269 1 400.000000 0.584071 -751.242285 14.385765 -0.000000 -0.112818 
 1271 0 400.000000 0.580357 -746.533805 14.293680 0.000000 0.444692 
 1272 0 400.000000 0.584071 -751.286209 14.367118 0.000000 0.206347 
 1279 0 400.000000 0.576577 -742.240252 14.211003 0.000000 0.660086 
 1280 0 400.000000 0.589286 -755.787873 14.525509 0.000000 0.461928 
 1282 0 400.000000 0.576577 -741.074013 14.209522 0.000000 0.267675 
 1284 0 400.000000 0.584071 -751.091501 14.352447 0.000000 1.047279 
 1289 0 400.000000 0.576577 -742.156078 14.177576 0.000000 0.758869 
 1292 0 400.000000 0.584071 -752.097712 14.362437 0.000000 0.326982 
 1296 0 400.000000 0.600000 -767.625254 14.782264 0.000000 0.713007 
 1297 0 400.000000 0.576577 -741.793295 14.194445 0.000000 0.781732 
 1301 0 400.000000 0.605505 -773.635144 14.872132 0.000000 0.475670 
 1303 0 400.000000 0.605505 -772.009769 14.887547 0.000000 2.010619 
 1306 1 400.000000 0.594828 -765.540079 14.619845 -0.000000 0.011942 
 1311 0 400.000000 0.600000 -770.524019 14.795187 0.000000 0.439026 
 1313 0 400.000000 0.600000 -770.369081 14.774090 0.000000 0.294318 
 1314 0 400.000000 0.598291 -770.051171 14.738287 -0.000000 0.228268 
 1315 0 400.000000 0.594828 -765.732845 14.614400 0.000000 0.123722 
 1317 0 400.000000 0.600000 -770.576145 14.776277 0.000000 0.315328 
 1320 0 400.000000 0.591304 -760.859056 14.554154 0.000000 0.343894 
 1322 0 400.000000 0.616071 -785.265846 15.208822 0.000000 1.676116 
 1323 0 400.000000 0.600000 -770.822848 14.755237 0.000000 0.330485 
 1329 0 400.000000 0.605263 -774.589205 14.875878 0.000000 0.938798 
 1331 0 400.000000 0.605263 -775.115410 14.927352 0.000000 0.550626 
 1333 0 400.000000 0.591304 -760.200011 14.582694 0.000000 0.585590 
 1335 0 400.000000 0.594828 -765.170581 14.615909 0.000000 0.375950 
 1338 0 400.000000 0.594828 -764.437186 14.626279 0.000000 0.349168 
 1340 1 400.000000 0.605042 -778.380288 14.891146 -0.000000 -0.146193 
 1342 0 400.000000 0.610169 -783.014196 15.034977 0.000000 0.455975 
 1347 0 400.000000 0.608333 -782.578143 14.998015 -0.000000 0.026724 
 1358 0 400.000000 0.605042 -778.431596 14.903976 0.000000 0.390844 
 1361 0 400.000000 0.605042 -778.118613 14.918347 0.000000 0.479845 
 1375 0 400.000000 0.600000 -774.222937 14.777037 -0.000000 0.144396 
 1378 0 400.000000 0.611570 -787.808454 15.065370 -0.000000 0.612210 
 1381 0 400.000000 0.601695 -774.440181 14.831364 0.000000 0.146294 
 1387 0 400.000000 0.620690 -793.595006 15.303623 0.000000 1.047188 
 1388 0 400.000000 0.601695 -774.515236 14.800905 0.000000 0.340569 
 1389 1 400.000000 0.611570 -787.332218 15.049904 -0.000000 -0.051807 
 1390 0 400.000000 0.605042 -778.521532 14.916143 0.000000 0.263798 
 1391 0 400.000000 0.605042 -778.027825 14.870467 0.000000 0.669982 
 1392 0 400.000000 0.621849 -796.152580 15.313550 0.000000 0.715184 
 1394 0 400.000000 0.614754 -791.316317 15.109035 -0.000000 0.075619 
 1396 0 400.000000 0.616667 -791.615277 15.206197 0.000000 0.466517 
 1397 0 400.000000 0.614754 -790.322298 15.099395 -0.000000 0.246989 
 1403 0 400.000000 0.614754 -789.923859 15.091332 0.000000 0.507540 
 1409 0 400.000000 0.609756 -786.181176 14.977526 0.000000 0.229711 
 1411 0 400.000000 0.619835 -795.709794 15.240915 0.000000 0.961289 
 1417 0 400.000000 0.606557 -782.516869 14.907703 0.000000 0.320803 
 1425 0 400.000000 0.614754 -790.270849 15.148938 0.000000 1.629782 
 1427 0 400.000000 0.606557 -782.657334 14.928913 0.000000 0.425516 
 1431 0 400.000000 0.614754 -790.975402 15.124143 0.000000 0.365343 
 1433 0 400.000000 0.606557 -782.331221 14.936344 0.000000 0.552618 
 1434 0 400.000000 0.609756 -786.891286 14.996240 0.000000 0.373197 
 1435 0 400.000000 0.630252 -805.599377 15.506156 0.000000 1.406759 
 1443 0 400.000000 0.608000 -785.727253 14.935724 0.000000 0.508931 
 1445 0 400.000000 0.617886 -795.105096 15.197334 0.000000 0.826001 
 1457 0 400.000000 0.612903 -789.507262 15.074530 0.000000 0.602660 
 1461 1 400.000000 0.603175 -780.133892 14.830015 -0.000000 0.072207 
 1463 0 400.000000 0.608000 -784.620893 14.935420 0.000000 0.395767 
 1465 0 400.000000 0.608000 -784.687643 14.994998 0.000000 0.415590 
 1466 0 400.000000 0.590164 -763.873948 14.498658 0.000000 0.791304 
 1472 0 400.000000 0.603175 -780.404264 14.804002 0.000000 0.560293 
 1473 0 400.000000 0.603175 -779.922409 14.860427 0.000000 0.356385 
 1474 0 400.000000 0.609375 -788.651959 15.008760 -0.000000 0.325427 
 1475 0 400.000000 0.617886 -794.965209 15.169152 0.000000 0.897959 
 1476 0 400.000000 0.603175 -780.680726 14.864469 0.000000 0.797461 
 1478 0 400.000000 0.600000 -776.524902 14.726342 0.000000 0.522991 
 1479 0 400.000000 0.606299 -785.550202 14.939108 -0.000000 0.376741 
 1480 0 400.000000 0.622951 -799.347201 15.331482 0.000000 1.832681 
 1483 0 400.000000 0.596774 -772.993202 14.670640 0.000000 0.465463 
 1488 0 400.000000 0.608000 -785.728156 14.985017 0.000000 0.538047 
 1490 0 400.000000 0.600000 -777.477746 14.751275 0.000000 0.333978 
 1495 0 400.000000 0.600000 -777.342201 14.740169 0.000000 0.214807 
 1496 0 400.000000 0.603175 -780.664758 14.835649 0.000000 0.620166 
 1497 0 400.000000 0.612903 -790.158997 15.086047 0.000000 0.794955 
 1501 0 400.000000 0.596774 -772.671095 14.664894 0.000000 0.611295 
 1512 0 400.000000 0.598425 -776.056843 14.696510 0.000000 0.534471 
 1514 0 400.000000 0.611111 -788.843375 15.046907 0.000000 0.588063 
 1518 0 400.000000 0.598425 -776.243126 14.686186 0.000000 0.387218 
 1521 0 400.000000 0.598425 -776.195200 14.702192 0.000000 0.440351 
 1522 0 400.000000 0.598425 -775.456327 14.757036 0.000000 0.178677 
 1524 0 400.000000 0.610687 -791.782628 15.010741 -0.000000 0.168595 
 1525 0 400.000000 0.598425 -775.891875 14.752995 0.000000 0.402942 
 1527 0 400.000000 0.606299 -784.981203 14.927843 0.000000 0.320803 
 1529 0 400.000000 0.598425 -776.303048 14.687931 0.000000 0.250342 
 1531 0 400.000000 0.595238 -771.616911 14.646988 0.000000 0.308967 
 1532 0 400.000000 0.604651 -784.176692 14.854157 -0.000000 0.114410 
 1535 0 400.000000 0.592000 -767.864932 14.541331 0.000000 0.641068 
 1541 0 400.000000 0.598425 -776.234967 14.714209 0.000000 0.412417 
 1543 0 400.000000 0.606299 -785.277321 14.896019 0.000000 0.368483 
 1547 0 400.000000 0.606299 -785.030255 14.912741 0.000000 0.207898 
 1551 0 400.000000 0.598425 -776.063260 14.715320 0.000000 0.242472 
 1554 0 400.000000 0.616000 -794.575226 15.155465 0.000000 0.762348 
 1555 0 400.000000 0.598425 -776.343886 14.716218 0.000000 0.194531 
 1557 0 400.000000 0.604651 -784.392223 14.860129 -0.000000 0.163963 
 1558 0 400.000000 0.606299 -785.097018 14.914772 0.000000 0.443247 
 1561 0 400.000000 0.598425 -776.280687 14.724958 0.000000 0.991694 
 1565 0 400.000000 0.616000 -794.425105 15.140328 0.000000 1.015925 
 1566 0 400.000000 0.601563 -780.584937 14.797178 0.000000 0.387334 
 1567 1 400.000000 0.607692 -788.416994 14.960321 -0.000000 -0.138783 
 1571 0 400.000000 0.604651 -784.353616 14.844388 0.000000 0.254455 
 1572 0 400.000000 0.617188 -797.548326 15.202743 0.000000 0.846636 
 1574 0 400.000000 0.612403 -792.289367 15.037883 0.000000 0.483123 
 1579 0 400.000000 0.604651 -783.769017 14.862682 0.000000 0.254045 
 1580 0 400.000000 0.622047 -801.901555 15.289271 0.000000 0.888480 
 1592 0 400.000000 0.606061 -786.853540 14.918566 0.000000 0.459200 
 1599 0 400.000000 0.610687 -792.434863 15.007397 0.000000 0.413335 
 1600 1 400.000000 0.611940 -795.658796 15.044292 -0.000000 -0.033096 
 1604 0 400.000000 0.607407 -791.088804 14.935405 0.000000 0.442269 
 1608 0 400.000000 0.601504 -783.531573 14.791419 0.000000 0.868456 
 1609 0 400.000000 0.610294 -794.717535 15.008050 0.000000 0.690719 
 1610 0 400.000000 0.601504 -783.904459 14.779716 0.000000 0.635489 
 1618 0 400.000000 0.614815 -799.245548 15.094464 0.000000 0.463635 
 1626 0 400.000000 0.619403 -803.444451 15.266528 0.000000 0.444728 
 1629 0 400.000000 0.613139 -798.500072 15.084941 -0.000000 0.227206 
 1630 0 400.000000 0.604478 -787.198069 14.826273 0.000000 0.446945 
 1633 0 400.000000 0.607407 -790.851136 14.916440 0.000000 0.603184 
 1640 0 400.000000 0.614815 -798.273352 15.139214 0.000000 0.558205 
 1647 0 400.000000 0.605839 -790.340577 14.875399 0.000000 0.158514 
 1648 0 400.000000 0.617647 -802.371342 15.195688 0.000000 0.889902 
 1649 0 400.000000 0.613139 -798.089256 15.083166 0.000000 0.570322 
 1652 0 400.000000 0.604317 -789.581077 14.856595 0.000000 0.123707 
 1655 0 400.000000 0.604317 -789.675744 14.846472 0.000000 0.246114 
 1658 0 400.000000 0.607143 -793.264237 14.920228 0.000000 0.779124 
 1659 0 400.000000 0.604317 -790.139768 14.834775 0.000000 0.288298 
 1661 0 400.000000 0.609929 -797.899044 14.981022 -0.000000 0.083237 
 1664 0 400.000000 0.611511 -797.536484 15.008959 0.000000 0.917566 
 1667 0 400.000000 0.607143 -794.217909 14.891689 0.000000 0.612237 
 1669 0 400.000000 0.615942 -801.618936 15.154296 0.000000 1.111269 
 1673 0 400.000000 0.611511 -798.297069 15.013177 0.000000 0.648687 
 1674 0 400.000000 0.601449 -786.732228 14.803696 0.000000 0.285470 
 1678 0 400.000000 0.611511 -797.672824 15.001488 0.000000 1.235492 
 1684 0 400.000000 0.609929 -797.368681 14.972149 -0.000000 0.331964 
 1689 0 400.000000 0.609929 -797.141455 14.975228 -0.000000 0.139899 
 1692 1 400.000000 0.611511 -797.434932 15.008747 0.000000 0.036521 
 1696 0 400.000000 0.625000 -810.055357 15.390295 0.000000 1.174901 
 1698 0 400.000000 0.611511 -797.069342 15.021461 0.000000 0.511459 
 1703 0 400.000000 0.615942 -802.002966 15.099541 0.000000 0.703427 
 1705 0 400.000000 0.608696 -793.693659 14.999029 0.000000 0.324186 
 1707 0 400.000000 0.620438 -805.281415 15.264971 0.000000 0.651476 
 1708 0 400.000000 0.620438 -805.814450 15.273675 0.000000 0.711146 
 1711 0 400.000000 0.608696 -793.781905 14.969993 0.000000 0.203260 
 1713 0 400.000000 0.615942 -801.888068 15.166816 0.000000 0.431628 
 1714 0 400.000000 0.611511 -797.600938 15.028159 0.000000 0.224824 
 1715 0 400.000000 0.615942 -801.654823 15.123157 0.000000 0.546070 
 1722 0 400.000000 0.608696 -794.135115 14.988125 0.000000 0.326672 
 1723 0 400.000000 0.614286 -801.611085 15.076276 -0.000000 0.414322 
 1724 0 400.000000 0.615942 -801.803008 15.145818 0.000000 0.303367 
 1725 0 400.000000 0.602941 -787.214110 14.836321 0.000000 0.751981 
 1729 0 400.000000 0.615942 -802.733308 15.113875 0.000000 0.232908 
 1731 0 400.000000 0.608696 -793.970410 14.959332 0.000000 0.144706 
 1738 0 400.000000 0.607143 -793.909627 14.927159 -0.000000 0.376749 
 1740 0 400.000000 0.625000 -810.668255 15.324532 0.000000 1.216843 
 1743 0 400.000000 0.620438 -805.518501 15.213981 0.000000 1.123964 
 1748 0 400.000000 0.620438 -805.983042 15.234483 0.000000 0.812939 
 1750 1 400.000000 0.614286 -801.535982 15.135402 -0.000000 0.001594 
 1751 0 400.000000 0.605839 -790.991553 14.865973 0.000000 0.816426 
 1758 0 400.000000 0.627737 -813.246886 15.429133 0.000000 1.441206 
 1760 0 400.000000 0.609929 -797.104389 14.967680 0.000000 0.098569 
 1761 0 400.000000 0.609929 -797.194250 15.007485 0.000000 0.470281 
 1763 0 400.000000 0.625899 -812.635827 15.359085 0.000000 1.080179 
 1766 0 400.000000 0.609929 -797.132348 14.969063 0.000000 0.405926 
 1767 0 400.000000 0.621429 -808.619682 15.305382 0.000000 0.408936 
 1769 0 400.000000 0.607143 -792.952770 14.892282 0.000000 0.804424 
 1781 0 400.000000 0.612676 -801.416072 15.049008 0.000000 0.082131 
 1792 0 400.000000 0.615385 -804.633820 15.122567 -0.000000 0.130350 
 1793 0 400.000000 0.608392 -797.394653 14.943217 -0.000000 0.079624 
 1799 0 400.000000 0.617021 -804.816401 15.177612 0.000000 0.579851 
 1803 0 400.000000 0.617021 -804.967012 15.170648 0.000000 0.391314 
 1812 0 400.000000 0.617021 -804.624127 15.167434 0.000000 0.460526 
 1814 0 400.000000 0.609929 -797.372475 14.989082 0.000000 0.232910 
 1815 0 400.000000 0.617021 -804.506535 15.159914 0.000000 0.915142 
 1816 0 400.000000 0.612676 -800.484342 15.060974 0.000000 0.217915 
 1817 0 400.000000 0.612676 -800.326155 15.069158 0.000000 0.244559 
 1829 0 400.000000 0.619718 -807.065376 15.232480 0.000000 0.945677 
 1833 0 400.000000 0.615385 -803.449608 15.118792 0.000000 0.483649 
 1837 0 400.000000 0.606897 -796.429595 14.913963 0.000000 0.335952 
 1840 0 400.000000 0.609589 -800.427297 14.984387 0.000000 0.125410 
 1841 0 400.000000 0.612245 -803.026271 15.024546 -0.000000 0.268437 
 1851 0 400.000000 0.606897 -796.872026 14.906253 0.000000 0.271661 
 1852 0 400.000000 0.617450 -810.383423 15.164117 -0.000000 0.203757 
 1854 0 400.000000 0.609589 -800.575982 14.993405 0.000000 0.380641 
 1859 0 400.000000 0.606897 -797.273349 14.896947 0.000000 0.343107 
 1861 0 400.000000 0.613793 -803.882247 15.062880 0.000000 0.850797 
 1867 0 400.000000 0.606897 -796.401906 14.897406 0.000000 0.263079 
 1868 0 400.000000 0.604167 -792.564830 14.839375 0.000000 0.428863 
 1873 0 400.000000 0.612245 -803.067992 15.024566 -0.000000 0.584670 
 1875 0 400.000000 0.606897 -796.183916 14.900791 0.000000 0.319103 
 1879 0 400.000000 0.613793 -803.099627 15.069720 0.000000 0.268279 
 1881 0 400.000000 0.606897 -796.060096 14.893302 0.000000 0.377385 
 1884 0 400.000000 0.622378 -810.940313 15.262314 0.000000 1.329510 
 1889 0 400.000000 0.609589 -799.657737 14.957096 0.000000 0.460116 
 1890 0 400.000000 0.609589 -800.244791 14.955648 0.000000 0.292916 
 1894 0 400.000000 0.604167 -792.354438 14.862913 0.000000 0.361784 
 1895 0 400.000000 0.613793 -803.741246 15.072664 0.000000 0.537923 
 1901 0 400.000000 0.609589 -800.330381 14.955720 0.000000 0.242777 
 1904 0 400.000000 0.622378 -811.483145 15.252105 0.000000 1.050066 
 1906 0 400.000000 0.606897 -796.566344 14.928432 0.000000 0.337741 
 1908 1 400.000000 0.612245 -803.949397 15.051249 -0.000000 0.004426 
 1909 0 400.000000 0.612245 -803.505865 15.038673 0.000000 0.265203 
 1912 0 400.000000 0.625000 -815.148991 15.333176 0.000000 1.309499 
 1913 0 400.000000 0.609589 -799.970244 14.972767 0.000000 0.123880 
 1917 0 400.000000 0.608108 -799.973756 14.947966 0.000000 0.286106 
 1918 0 400.000000 0.608108 -799.271224 14.897887 0.000000 0.114274 
 1919 0 400.000000 0.608108 -799.825442 14.944644 0.000000 0.049379 
 1923 0 400.000000 0.614865 -806.869522 15.087806 0.000000 0.489699 
 1927 0 400.000000 0.608108 -800.272766 14.948055 0.000000 0.361775 
 1930 0 400.000000 0.614865 -807.079987 15.112489 0.000000 0.421305 
 1931 0 400.000000 0.623288 -815.144075 15.312585 0.000000 1.330722 
 1932 0 400.000000 0.608108 -799.531341 14.913237 0.000000 0.321791 
 1933 1 400.000000 0.608108 -800.038876 14.955808 0.000000 0.032820 
 1935 0 400.000000 0.605442 -796.262979 14.856684 0.000000 0.167551 
 1939 0 400.000000 0.605442 -796.512098 14.875880 0.000000 0.319903 
 1943 0 400.000000 0.620690 -811.007782 15.226720 0.000000 1.363907 
 1953 0 400.000000 0.610738 -803.102617 15.023596 -0.000000 0.102489 
 1956 0 400.000000 0.608108 -799.293904 14.947895 0.000000 0.383819 
 1957 0 400.000000 0.605442 -795.628098 14.814739 0.000000 0.185659 
 1961 1 400.000000 0.610738 -803.018024 15.038596 -0.000000 -0.002658 
 1966 0 400.000000 0.619048 -810.907142 15.205747 0.000000 0.767140 
 1967 0 400.000000 0.605442 -795.865604 14.896632 0.000000 0.391668 
 1971 0 400.000000 0.619048 -810.764654 15.178669 0.000000 0.865642 
 1972 0 400.000000 0.614865 -807.085162 15.103583 0.000000 0.684651 
 1978 0 400.000000 0.614865 -807.449432 15.108666 0.000000 0.311793 
 1979 0 400.000000 0.610738 -803.245749 14.985558 0.000000 0.472025 
 1980 0 400.000000 0.608108 -799.965567 14.922574 0.000000 0.257918 
 1984 0 400.000000 0.623288 -814.972304 15.318372 0.000000 1.054630 
 1988 0 400.000000 0.613333 -806.914198 15.045768 -0.000000 0.249997 
 1989 0 400.000000 0.623288 -814.841455 15.299189 0.000000 1.174640 
 1991 0 400.000000 0.605442 -796.242896 14.851271 0.000000 0.278605 
 1992 0 400.000000 0.619048 -810.776048 15.208794 0.000000 0.818269 
 1995 0 400.000000 0.608108 -799.875861 14.955873 0.000000 0.136917 
 1999 0 400.000000 0.610738 -803.320764 14.988941 0.000000 0.506957 
 2006 0 400.000000 0.614865 -806.489492 15.093506 0.000000 0.479684 
 2009 0 400.000000 0.608108 -799.449737 14.935149 0.000000 0.181128 
 2010 0 400.000000 0.614865 -806.863420 15.123508 0.000000 0.526839 
 2019 0 400.000000 0.619048 -810.530249 15.192917 0.000000 0.673077 
 2026 0 400.000000 0.614865 -806.255085 15.114065 0.000000 0.466535 
 2028 0 400.000000 0.608108 -799.630120 14.901233 0.000000 0.198371 
 2031 0 400.000000 0.606667 -800.506459 14.878585 -0.000000 0.043222 
 2034 0 400.000000 0.614865 -807.720081 15.089149 0.000000 0.294917 
 2035 0 400.000000 0.608108 -799.502777 14.955004 0.000000 0.290765 
 2036 0 400.000000 0.614865 -807.405144 15.069350 0.000000 1.200378 
 2037 0 400.000000 0.614865 -807.161127 15.100282 0.000000 1.077294 
 2040 0 400.000000 0.608108 -799.712322 14.938231 0.000000 0.301627 
 2042 0 400.000000 0.614865 -807.052237 15.067331 0.000000 0.472784 
 2043 0 400.000000 0.623288 -815.137887 15.325001 0.000000 1.346512 
 2048 0 400.000000 0.605442 -796.866073 14.853487 0.000000 0.411208 
 2049 0 400.000000 0.613333 -806.627449 15.081387 -0.000000 0.204860 
 2051 1 400.000000 0.613333 -806.763821 15.048426 -0.000000 0.017870 
 2052 0 400.000000 0.615894 -810.328456 15.151756 -0.000000 0.388629 
 2053 0 400.000000 0.615894 -810.248967 15.098144 -0.000000 0.515911 
 2058 0 400.000000 0.611842 -806.277196 15.053695 0.000000 0.312449 
 2061 0 400.000000 0.615894 -809.497544 15.137642 0.000000 1.016964 
 2062 0 400.000000 0.604027 -795.808293 14.808254 0.000000 0.928291 
 2066 0 400.000000 0.611842 -805.972033 15.048093 0.000000 0.344889 
 2068 0 400.000000 0.609272 -802.666456 14.949665 0.000000 0.369510 
 2069 0 400.000000 0.620000 -813.351283 15.252840 0.000000 0.668940 
 2072 0 400.000000 0.614379 -809.377270 15.112729 -0.000000 0.016755 
 2076 0 400.000000 0.614379 -809.539573 15.053465 -0.000000 0.591058 
 2084 1 400.000000 0.614379 -809.837396 15.078743 -0.000000 -0.057868 
 2085 0 400.000000 0.614379 -809.475266 15.050219 0.000000 0.399143 
 2087 0 400.000000 0.622517 -817.211654 15.276828 0.000000 0.725101 
 2093 0 400.000000 0.614379 -810.087080 15.066162 0.000000 0.351175 
 2094 0 400.000000 0.618421 -813.373480 15.175144 0.000000 0.371191 
 2098 0 400.000000 0.611842 -806.451243 15.047538 0.000000 0.268576 
 2106 0 400.000000 0.622517 -817.314935 15.257532 0.000000 0.703480 
 2109 0 400.000000 0.611842 -806.762401 14.994478 0.000000 0.214949 
 2110 0 400.000000 0.618421 -812.740927 15.210440 0.000000 1.465074 
 2116 0 400.000000 0.609272 -802.978324 14.987969 0.000000 0.398211 
 2118 0 400.000000 0.611842 -805.890883 15.023126 0.000000 0.255823 
 2122 0 400.000000 0.606667 -799.577387 14.903959 0.000000 0.753945 
 2127 0 400.000000 0.626667 -820.104498 15.418684 0.000000 1.299055 
 2128 0 400.000000 0.626667 -820.618388 15.366392 0.000000 1.111352 
 2137 0 400.000000 0.614379 -809.616983 15.055855 0.000000 0.469321 
 2138 0 400.000000 0.611842 -805.710996 15.056711 0.000000 0.119149 
 2139 0 400.000000 0.611842 -805.628486 15.018516 0.000000 0.182951 
 2147 0 400.000000 0.626667 -820.334142 15.412926 0.000000 1.283628 
 2151 0 400.000000 0.611842 -806.433921 14.995319 0.000000 0.236620 
 2162 0 400.000000 0.616883 -813.035789 15.121773 0.000000 0.537255 
 2165 1 400.000000 0.615385 -813.025609 15.086765 -0.000000 0.009304 
 2167 0 400.000000 0.615385 -812.527191 15.113224 0.000000 0.700526 
 2169 0 400.000000 0.607843 -803.422418 14.932974 0.000000 0.698464 
 2171 0 400.000000 0.610390 -806.181243 14.966012 0.000000 0.373064 
 2172 0 400.000000 0.619355 -815.940799 15.219896 0.000000 1.105541 
 2174 0 400.000000 0.615385 -812.924926 15.095239 0.000000 0.121612 
 2177 0 400.000000 0.619355 -816.386155 15.210539 0.000000 0.388814 
 2180 0 400.000000 0.607843 -802.288427 14.937822 0.000000 0.915215 
 2183 0 400.000000 0.612903 -808.984368 15.073647 0.000000 0.309681 
 2186 0 400.000000 0.615385 -812.036707 15.142664 0.000000 0.254943 
 2198 0 400.000000 0.616352 -815.040077 15.127333 -0.000000 0.343367 
 2199 0 400.000000 0.608974 -806.133741 14.940041 0.000000 0.402653 
 2207 0 400.000000 0.613924 -812.106128 15.045249 0.000000 0.094371 
 2209 0 400.000000 0.621795 -819.076491 15.262274 0.000000 1.111854 
 2216 0 400.000000 0.616352 -815.217269 15.135724 -0.000000 0.136886 
 2217 0 400.000000 0.608974 -805.466770 14.955692 0.000000 0.456295 
 2219 0 400.000000 0.617834 -815.356163 15.173721 0.000000 0.867806 
 2220 0 400.000000 0.611465 -809.026194 15.020183 0.000000 0.424347 
 2222 0 400.000000 0.617834 -815.374247 15.183521 0.000000 0.937845 
 2226 0 400.000000 0.613924 -812.424494 15.062091 0.000000 0.195912 
 2227 0 400.000000 0.606250 -804.841290 14.854832 -0.000000 0.428812 
 2228 1 400.000000 0.617834 -816.034722 15.198792 0.000000 -0.006901 
 2232 0 400.000000 0.613924 -812.238269 15.040108 -0.000000 0.957973 
 2235 0 400.000000 0.613924 -812.298727 15.043373 -0.000000 0.392686 
 2245 0 400.000000 0.608974 -805.286410 14.957404 0.000000 0.456640 
 2248 0 400.000000 0.613924 -812.257702 15.085918 0.000000 0.392849 
 2250 0 400.000000 0.624204 -822.338555 15.316007 0.000000 0.976828 
 2251 0 400.000000 0.611465 -809.142506 15.024575 0.000000 0.534769 
 2252 0 400.000000 0.612500 -811.805078 15.016772 -0.000000 0.440143 
 2253 0 400.000000 0.624204 -822.462151 15.319122 0.000000 0.671322 
 2257 0 400.000000 0.613924 -811.911143 15.075890 0.000000 0.242986 
 2265 0 400.000000 0.611465 -809.275772 15.030446 0.000000 0.519299 
 2266 1 400.000000 0.613924 -811.898608 15.056051 0.000000 0.046140 
 2269 1 400.000000 0.616352 -815.250837 15.115802 -0.000000 -0.107468 
 2270 0 400.000000 0.618750 -818.389791 15.192346 -0.000000 0.145853 
 2272 0 400.000000 0.620253 -819.185122 15.206674 0.000000 0.352312 
 2279 0 400.000000 0.616352 -814.775677 15.149141 0.000000 0.622098 
 2280 0 400.000000 0.613924 -812.438049 15.063404 0.000000 0.168679 
 2282 0 400.000000 0.616352 -815.670929 15.130005 0.000000 0.336619 
 2286 0 400.000000 0.616352 -814.924483 15.110342 0.000000 0.822503 
 2290 0 400.000000 0.616352 -815.484162 15.152208 0.000000 0.541631 
 2291 0 400.000000 0.620253 -819.668717 15.199016 0.000000 0.515501 
 2293 0 400.000000 0.613924 -812.389116 15.080161 0.000000 0.149896 
 2295 0 400.000000 0.624204 -822.729229 15.343038 0.000000 0.421657 
 2312 0 400.000000 0.614907 -814.659553 15.113965 0.000000 0.290597 
 2314 0 400.000000 0.622642 -821.724350 15.252552 0.000000 0.947976 
 2315 0 400.000000 0.622642 -821.883337 15.309985 0.000000 0.734825 
 2316 0 400.000000 0.618750 -818.514129 15.172438 0.000000 0.530147 
 2319 0 400.000000 0.621118 -821.245175 15.215065 0.000000 0.880280 
 2324 0 400.000000 0.608696 -807.953951 14.943702 0.000000 0.734002 
 2326 0 400.000000 0.621118 -820.922595 15.243041 0.000000 0.998325 
 2336 0 400.000000 0.611111 -811.796555 14.983578 0.000000 0.092613 
 2342 0 400.000000 0.611111 -811.575217 14.983560 0.000000 0.228192 
 2343 0 400.000000 0.621118 -821.767078 15.242979 0.000000 0.615209 
 2344 0 400.000000 0.617284 -818.424425 15.140022 0.000000 0.299496 
 2346 0 400.000000 0.617284 -818.294787 15.149112 0.000000 0.469011 
 2350 0 400.000000 0.608696 -808.967444 14.929659 0.000000 0.445502 
 2351 0 400.000000 0.611111 -811.533175 14.995692 0.000000 0.248737 
 2355 0 400.000000 0.621118 -821.467693 15.223624 0.000000 0.777078 
 2357 0 400.000000 0.613497 -814.976146 15.053248 0.000000 0.134567 
 2361 0 400.000000 0.613497 -815.103112 15.028673 0.000000 0.391799 
 2364 0 400.000000 0.611111 -812.012346 14.986008 0.000000 0.300712 
 2370 0 400.000000 0.613497 -814.735535 15.055867 0.000000 0.385559 
 2372 1 400.000000 0.615854 -818.044769 15.087871 -0.000000 -0.007153 
 2373 0 400.000000 0.623457 -825.127192 15.293746 0.000000 1.025571 
 2374 1 400.000000 0.618182 -821.281248 15.166557 -0.000000 -0.007558 
 2376 0 400.000000 0.621951 -824.969780 15.265014 0.000000 0.281605 
 2378 0 400.000000 0.613497 -815.183645 15.037244 0.000000 0.752954 
 2379 1 400.000000 0.614458 -817.642312 15.080988 -0.000000 -0.029161 
 2380 0 400.000000 0.618182 -821.179249 15.155762 0.000000 0.560951 
 2390 0 400.000000 0.618182 -820.776740 15.183731 0.000000 0.482929 
 2393 0 400.000000 0.621951 -824.157822 15.284254 0.000000 0.627586 
 2401 0 400.000000 0.614458 -816.633418 15.078540 0.000000 0.667149 
 2402 0 400.000000 0.621951 -824.071867 15.271758 0.000000 1.023157 
 2405 0 400.000000 0.618182 -820.375960 15.162985 0.000000 0.344353 
 2406 0 400.000000 0.609756 -810.997027 14.929831 0.000000 0.538529 
 2409 0 400.000000 0.618182 -820.617945 15.146894 0.000000 0.379328 
 2414 0 400.000000 0.618182 -820.801360 15.128586 0.000000 0.602182 
 2415 0 400.000000 0.618182 -820.708916 15.177539 0.000000 0.450603 
 2416 0 400.000000 0.621951 -824.313625 15.257723 0.000000 0.999029 
 2419 0 400.000000 0.610778 -815.117049 14.978539 -0.000000 0.030106 
 2420 0 400.000000 0.621951 -824.443196 15.218274 0.000000 1.162318 
 2422 0 400.000000 0.618182 -821.541858 15.143351 0.000000 0.358998 
 2424 0 400.000000 0.618182 -821.456257 15.190859 0.000000 0.402885 
 2427 0 400.000000 0.610778 -814.799872 14.995389 -0.000000 0.083398 
 2430 0 400.000000 0.614458 -818.541156 15.080696 0.000000 0.395229 
 2434 0 400.000000 0.614458 -818.352477 15.043269 0.000000 0.165871 
 2435 0 400.000000 0.619048 -823.914182 15.207112 -0.000000 0.060388 
 2444 0 400.000000 0.621951 -824.452344 15.256664 0.000000 0.670617 
 2448 0 400.000000 0.621951 -824.176882 15.239267 0.000000 0.829675 
 2451 0 400.000000 0.618182 -820.574763 15.162559 0.000000 0.473418 
 2452 0 400.000000 0.618182 -821.601133 15.187180 0.000000 0.276487 
 2453 0 400.000000 0.612121 -814.591220 14.987716 0.000000 0.187853 
 2458 0 400.000000 0.614458 -817.541425 15.057629 0.000000 0.240152 
 2460 0 400.000000 0.621951 -823.897461 15.291859 0.000000 0.614644 
 2468 0 400.000000 0.618182 -820.521329 15.189796 0.000000 0.370546 
 2470 0 400.000000 0.614458 -817.828220 15.045119 0.000000 0.297002 
 2471 0 400.000000 0.621951 -823.758535 15.288881 0.000000 1.049162 
 2473 0 400.000000 0.609756 -811.473553 14.941100 0.000000 0.211629 
 2479 0 400.000000 0.612121 -814.613233 15.027449 0.000000 0.254562 
 2481 0 400.000000 0.618182 -821.255897 15.119253 0.000000 0.160672 
 2485 0 400.000000 0.609756 -811.383772 14.998495 0.000000 0.507976 
 2490 0 400.000000 0.614458 -817.733032 15.056882 0.000000 0.147251 
 2491 0 400.000000 0.621951 -824.439466 15.284578 0.000000 0.902694 
 2493 1 400.000000 0.619048 -824.266001 15.183469 -0.000000 -0.122937 
 2496 0 400.000000 0.622754 -827.419896 15.289982 0.000000 0.492442 
 2500 0 400.000000 0.622754 -827.771288 15.266671 0.000000 0.340287 
 2504 1 400.000000 0.622754 -827.683024 15.270172 0.000000 -0.021264 
 2509 0 400.000000 0.626506 -830.166554 15.359049 0.000000 0.521117 
 2512 0 400.000000 0.620482 -824.488716 15.222646 0.000000 0.330905 
 2513 0 400.000000 0.618182 -820.662512 15.172640 0.000000 0.374672 
 2518 0 400.000000 0.620482 -823.596685 15.223943 0.000000 0.169656 
 2519 0 400.000000 0.622754 -826.687984 15.290578 0.000000 0.102652 
 2523 0 400.000000 0.628743 -832.901535 15.396262 0.000000 0.890694 
 2527 0 400.000000 0.625000 -829.271226 15.364789 0.000000 0.473461 
 2543 0 400.000000 0.623529 -829.292584 15.249154 0.000000 0.450890 
 2545 0 400.000000 0.627219 -832.321686 15.378126 0.000000 1.075491 
 2547 0 400.000000 0.617647 -823.374668 15.165983 0.000000 0.091963 
 2549 0 400.000000 0.627219 -833.255673 15.365475 0.000000 0.835292 
 2552 0 400.000000 0.615385 -820.661919 15.082276 0.000000 0.423458 
 2557 0 400.000000 0.627219 -832.645384 15.370084 0.000000 0.915337 
 2558 0 400.000000 0.619883 -826.259170 15.210396 0.000000 0.547442 
 2561 0 400.000000 0.615385 -820.645803 15.106432 0.000000 0.712507 
 2563 0 400.000000 0.615385 -820.780927 15.087712 0.000000 0.535929 
 2564 0 400.000000 0.617647 -823.531623 15.149054 0.000000 0.451540 
 2565 0 400.000000 0.616279 -823.647504 15.098278 -0.000000 0.064775 
 2566 0 400.000000 0.615385 -820.478410 15.095387 0.000000 0.390811 
 2567 0 400.000000 0.627219 -833.078626 15.385199 0.000000 1.152758 
 2576 0 400.000000 0.619883 -826.054890 15.177920 0.000000 0.262408 
 2579 0 400.000000 0.615385 -820.227454 15.063423 0.000000 0.237132 
 2580 0 400.000000 0.623529 -829.690069 15.306536 0.000000 0.353148 
 2583 0 400.000000 0.623529 -829.320088 15.322362 0.000000 0.586424 
 2585 0 400.000000 0.617647 -823.249310 15.119391 0.000000 0.117918 
 2588 0 400.000000 0.623529 -829.315046 15.273326 0.000000 0.387721 
 2590 0 400.000000 0.615385 -819.894853 15.061461 0.000000 0.577917 
 2593 0 400.000000 0.623529 -829.363874 15.262365 0.000000 0.341521 
 2595 0 400.000000 0.623529 -829.197484 15.298985 0.000000 0.396677 
 2596 0 400.000000 0.616279 -822.592644 15.091842 -0.000000 0.173226 
 2604 0 400.000000 0.625731 -832.453400 15.337902 0.000000 0.616049 
 2608 0 400.000000 0.622093 -828.646693 15.252907 0.000000 0.425684 
 2609 0 400.000000 0.622093 -829.661618 15.249850 0.000000 0.588359 
 2610 0 400.000000 0.616279 -823.179994 15.108226 0.000000 0.322977 
 2614 0 400.000000 0.618497 -826.379760 15.168637 0.000000 0.205909 
 2617 0 400.000000 0.614035 -820.809407 15.066807 0.000000 0.410479 
 2618 0 400.000000 0.618497 -826.466507 15.137776 0.000000 0.261333 
 2619 0 400.000000 0.625731 -832.639932 15.339512 0.000000 1.006204 
 2623 0 400.000000 0.614943 -823.348172 15.078561 0.000000 0.120926 
 2630 0 400.000000 0.614943 -823.417457 15.076879 0.000000 0.334538 
 2633 0 400.000000 0.614943 -823.036856 15.084031 0.000000 0.245756 
 2634 0 400.000000 0.624277 -831.962514 15.302694 0.000000 0.890811 
 2635 0 400.000000 0.624277 -832.177264 15.279608 0.000000 0.963551 
 2636 0 400.000000 0.624277 -832.230197 15.317858 0.000000 0.884577 
 2638 0 400.000000 0.612717 -819.805093 15.014592 0.000000 0.411461 
 2643 0 400.000000 0.617143 -825.614872 15.110377 0.000000 0.488961 
 2647 0 400.000000 0.614943 -822.826248 15.089235 0.000000 0.151707 
 2648 0 400.000000 0.619318 -828.469181 15.177333 -0.000000 0.028651 
 2649 0 400.000000 0.619318 -829.027011 15.175427 -0.000000 0.108019 
 2656 0 400.000000 0.614943 -822.920365 15.072389 0.000000 0.168759 
 2658 0 400.000000 0.624277 -831.518645 15.321115 0.000000 0.899546 
 2660 0 400.000000 0.624277 -831.570743 15.290088 0.000000 0.983449 
 2666 0 400.000000 0.614943 -823.844251 15.072337 0.000000 0.319068 
 2674 0 400.000000 0.617143 -826.009606 15.102013 0.000000 0.549474 
 2675 0 400.000000 0.614943 -823.869484 15.094079 0.000000 0.264567 
 2679 0 400.000000 0.614943 -823.362221 15.060439 0.000000 0.253317 
 2684 0 400.000000 0.612717 -819.825805 15.022434 0.000000 0.489483 
 2685 0 400.000000 0.620690 -829.701136 15.191583 0.000000 0.419199 
 2687 0 400.000000 0.612717 -820.351912 15.024228 0.000000 0.289111 
 2691 0 400.000000 0.612717 -820.336738 15.005874 0.000000 0.585718 
 2693 0 400.000000 0.614943 -823.304395 15.054075 0.000000 0.161821 
 2695 0 400.000000 0.624277 -832.074424 15.317926 0.000000 0.804374 
 2696 0 400.000000 0.620690 -828.454771 15.192126 0.000000 0.526422 
 2697 0 400.000000 0.624277 -831.858611 15.310522 0.000000 0.822558 
 2699 0 400.000000 0.617143 -825.472623 15.098299 0.000000 0.217475 
 2701 0 400.000000 0.612717 -819.657711 15.026084 0.000000 0.615603 
 2708 0 400.000000 0.620690 -829.130880 15.206007 0.000000 0.525984 
 2720 1 400.000000 0.613636 -822.971889 15.065252 -0.000000 -0.111071 
 2723 0 400.000000 0.611429 -819.843814 14.997355 0.000000 0.167794 
 2729 0 400.000000 0.609195 -817.804343 14.927709 0.000000 0.678429 
 2732 0 400.000000 0.620690 -829.404207 15.192361 0.000000 0.806358 
 2734 0 400.000000 0.620690 -829.118244 15.235828 0.000000 0.781535 
 2738 0 400.000000 0.617143 -826.317077 15.089405 0.000000 0.483608 
 2739 0 400.000000 0.613636 -822.972234 15.055726 0.000000 0.193311 
 2742 0 400.000000 0.613636 -822.574729 15.066508 0.000000 0.276481 
 2744 0 400.000000 0.613636 -822.967488 15.009789 0.000000 0.132116 
 2746 0 400.000000 0.613636 -822.763056 15.015420 0.000000 0.571120 
 2754 0 400.000000 0.611429 -819.633483 14.989596 0.000000 0.260570 
 2756 0 400.000000 0.610169 -819.314563 14.989022 -0.000000 0.129413 
 2757 0 400.000000 0.611429 -819.808109 14.979435 0.000000 0.149037 
 2758 0 400.000000 0.611429 -819.499049 14.954109 0.000000 0.244785 
 2762 0 400.000000 0.611429 -819.438011 15.024877 0.000000 0.294300 
 2763 0 400.000000 0.617978 -828.939059 15.117984 -0.000000 0.095074 
 2770 0 400.000000 0.609195 -816.858234 14.947624 0.000000 0.602276 
 2774 0 400.000000 0.615819 -826.013177 15.075502 -0.000000 0.140652 
 2776 0 400.000000 0.609195 -817.085503 14.948742 0.000000 0.732440 
 2778 0 400.000000 0.611429 -820.477901 14.985176 0.000000 0.136686 
 2779 0 400.000000 0.617143 -825.891319 15.135329 0.000000 0.496868 
 2780 0 400.000000 0.620690 -829.674456 15.184322 0.000000 0.968349 
 2784 0 400.000000 0.617143 -826.863758 15.133878 0.000000 0.447344 
 2790 0 400.000000 0.611429 -820.513191 14.987464 0.000000 0.297128 
 2791 0 400.000000 0.613636 -823.301930 15.016906 0.000000 0.283142 
 2794 0 400.000000 0.617143 -826.228362 15.115745 0.000000 0.475286 
 2795 0 400.000000 0.617143 -826.328757 15.129394 0.000000 0.483212 
 2796 0 400.000000 0.611429 -820.138138 14.973410 0.000000 0.360695 
 2797 0 400.000000 0.620690 -829.759746 15.203339 0.000000 0.368356 
 2800 0 400.000000 0.620690 -829.010743 15.209997 0.000000 0.744033 
 2802 0 400.000000 0.609195 -817.452313 14.913127 0.000000 0.398416 
 2804 0 400.000000 0.617143 -825.703076 15.135444 0.000000 0.528273 
 2805 0 400.000000 0.617143 -826.339164 15.113477 0.000000 0.526884 
 2807 0 400.000000 0.620690 -828.923540 15.209650 0.000000 1.000940 
 2808 0 400.000000 0.611429 -819.464417 14.970107 0.000000 0.103217 
 2809 0 400.000000 0.609195 -817.327944 14.947978 0.000000 0.488864 
 2812 0 400.000000 0.609195 -816.815793 14.943192 0.000000 0.417176 
 2817 0 400.000000 0.617143 -825.440068 15.132717 0.000000 0.579388 
 2818 0 400.000000 0.613636 -822.958157 15.048402 0.000000 0.246950 
 2821 0 400.000000 0.609195 -817.096174 14.929957 0.000000 0.517530 
 2829 0 400.000000 0.611429 -820.120241 14.969334 0.000000 0.313052 
 2831 0 400.000000 0.620690 -829.015695 15.236047 0.000000 0.640215 
 2834 0 400.000000 0.617143 -825.690692 15.137181 0.000000 0.486733 
 2835 0 400.000000 0.620690 -829.311276 15.185710 0.000000 1.044325 
 2838 0 400.000000 0.617143 -825.792507 15.087451 0.000000 0.435843 
 2839 0 400.000000 0.609195 -816.944826 14.955967 0.000000 0.219014 
 2840 0 400.000000 0.620690 -828.815016 15.206103 0.000000 0.999135 
 2841 0 400.000000 0.611429 -820.453671 14.956545 0.000000 0.224665 
 2845 0 400.000000 0.609195 -816.912161 14.961659 0.000000 0.568358 
 2846 0 400.000000 0.617143 -826.442617 15.105287 0.000000 0.539778 
 2848 0 400.000000 0.611429 -819.495767 15.009841 0.000000 0.154030 
 2850 0 400.000000 0.620690 -828.737583 15.212408 0.000000 0.747673 
 2851 0 400.000000 0.620690 -829.236678 15.226050 0.000000 0.792461 
 2855 0 400.000000 0.609195 -817.080095 14.904579 0.000000 0.660166 
 2856 0 400.000000 0.611429 -819.886786 14.998853 0.000000 0.089123 
 2858 0 400.000000 0.615819 -825.532394 15.079946 -0.000000 0.026609 
 2861 0 400.000000 0.620690 -829.101531 15.210202 0.000000 0.606429 
 2865 0 400.000000 0.609195 -817.185281 14.924441 0.000000 0.622442 
 2866 0 400.000000 0.609195 -817.402409 14.921841 0.000000 0.376045 
 2869 0 400.000000 0.620690 -829.241439 15.206003 0.000000 0.933064 
 2871 0 400.000000 0.617143 -826.053018 15.118985 0.000000 0.590047 
 2878 0 400.000000 0.617143 -825.807017 15.138631 0.000000 0.463951 
 2882 0 400.000000 0.617143 -825.944365 15.125776 0.000000 0.441226 
 2885 0 400.000000 0.617143 -826.202465 15.117212 0.000000 0.541117 
 2888 0 400.000000 0.609195 -816.664420 14.912150 0.000000 0.438600 
 2894 0 400.000000 0.611429 -819.991751 14.958876 0.000000 0.104712 
 2898 0 400.000000 0.611429 -819.601224 14.990965 0.000000 0.271701 
 2901 0 400.000000 0.620690 -829.382597 15.219698 0.000000 0.876779 
 2905 0 400.000000 0.620690 -828.813979 15.204755 0.000000 0.988008 
 2911 0 400.000000 0.611429 -820.528924 14.971673 0.000000 0.247170 
 2913 0 400.000000 0.617143 -826.496924 15.118987 0.000000 0.262559 
 2915 0 400.000000 0.609195 -817.029857 14.937748 0.000000 0.292885 
 2916 0 400.000000 0.611429 -820.533739 14.961485 0.000000 0.114578 
 2918 0 400.000000 0.609195 -817.350999 14.945606 0.000000 0.582621 
 2921 0 400.000000 0.620690 -829.730328 15.222977 0.000000 0.793181 
 2922 0 400.000000 0.611429 -820.902775 14.946100 0.000000 0.286267 
 2923 0 400.000000 0.620690 -829.132050 15.234109 0.000000 0.632545 
 2924 0 400.000000 0.620690 -829.191337 15.205767 0.000000 0.774345 
 2928 0 400.000000 0.611429 -820.397583 14.985248 0.000000 0.211567 
 2937 0 400.000000 0.611429 -819.980821 15.006301 0.000000 0.438374 
 2947 0 400.000000 0.611429 -819.783183 14.961817 0.000000 0.103168 
 2949 0 400.000000 0.617143 -825.630903 15.122912 0.000000 0.618936 
 2950 0 400.000000 0.611429 -820.305903 14.978445 0.000000 0.235176 
 2954 0 400.000000 0.611429 -819.907989 14.985907 0.000000 0.135389 
 2955 0 400.000000 0.609195 -817.354078 14.928135 0.000000 0.265983 
 2961 0 400.000000 0.609195 -817.536693 14.917024 0.000000 0.478638 
 2964 0 400.000000 0.617143 -825.713145 15.104902 0.000000 0.470792 
 2965 0 400.000000 0.620690 -829.325642 15.215093 0.000000 0.969827 
 2966 0 400.000000 0.620690 -828.828171 15.224182 0.000000 1.051075 
 2967 0 400.000000 0.617143 -826.094899 15.113648 0.000000 0.519644 
 2968 0 400.000000 0.611429 -820.141645 14.988594 0.000000 0.162082 
 2971 1 400.000000 0.611429 -819.988843 14.994992 0.000000 0.052505 
 2972 0 400.000000 0.611429 -819.766697 14.977149 0.000000 0.757398 
 2975 0 400.000000 0.609195 -817.454700 14.926942 0.000000 0.292823 
 2986 0 400.000000 0.609195 -817.677363 14.941204 0.000000 0.221318 
 2988 0 400.000000 0.618497 -826.771402 15.138396 0.000000 0.673596 
 2991 0 400.000000 0.606936 -814.928926 14.850300 0.000000 0.398011 
 2992 0 400.000000 0.618497 -826.395651 15.188931 0.000000 1.039283 
 2995 0 400.000000 0.618497 -826.060251 15.190243 0.000000 0.990755 
 2999 0 400.000000 0.614943 -823.636366 15.044386 0.000000 0.404653 
 3002 0 400.000000 0.613636 -823.153684 15.014577 -0.000000 0.087397 
 3003 0 400.000000 0.614943 -823.226973 15.084689 0.000000 0.388488 
 3004 0 400.000000 0.614943 -823.455574 15.068167 0.000000 0.283570 
 3006 0 400.000000 0.614943 -822.694102 15.088992 0.000000 0.302618 
 3007 0 400.000000 0.609195 -817.356566 14.921127 0.000000 0.162049 
 3008 0 400.000000 0.614943 -823.230570 15.057411 0.000000 0.459362 
 3011 0 400.000000 0.609195 -816.407367 14.928155 0.000000 0.136208 
 3017 0 400.000000 0.614943 -823.490656 15.090429 0.000000 0.401916 
 3018 0 400.000000 0.609195 -816.856245 14.903394 0.000000 0.246625 
 3019 0 400.000000 0.614943 -823.123949 15.081836 0.000000 0.373279 
 3023 0 400.000000 0.614943 -822.916670 15.066546 0.000000 0.441606 
 3024 0 400.000000 0.614943 -823.364100 15.063843 0.000000 0.396214 
 3031 0 400.000000 0.609195 -816.767273 14.949326 0.000000 0.240911 
 3033 0 400.000000 0.614943 -823.235691 15.071929 0.000000 0.363097 
 3034 0 400.000000 0.614943 -823.101303 15.091758 0.000000 0.231894 
 3035 0 400.000000 0.614943 -823.993662 15.048406 0.000000 0.420233 
 3040 0 400.000000 0.614943 -823.242791 15.058247 0.000000 0.613905 
 3042 0 400.000000 0.614943 -823.237611 15.099784 0.000000 0.396284 
 3044 0 400.000000 0.614943 -822.863384 15.061256 0.000000 0.441406 
 3046 0 400.000000 0.614943 -823.459879 15.041175 0.000000 0.416569 
 3050 0 400.000000 0.614943 -823.781332 15.084536 0.000000 0.438142 
 3051 0 400.000000 0.614943 -823.610592 15.073915 0.000000 0.458788 
 3053 1 400.000000 0.613636 -823.418025 15.061557 -0.000000 -0.109320 
 3055 0 400.000000 0.608939 -820.692076 14.897599 -0.000000 0.223145 
 3059 0 400.000000 0.615819 -825.966502 15.113652 0.000000 0.441816 
 3065 0 400.000000 0.610169 -820.235016 14.956875 0.000000 0.249091 
 3069 0 400.000000 0.610169 -820.252955 14.929508 0.000000 0.124378 
 3072 0 400.000000 0.610169 -819.759437 14.934377 0.000000 0.278913 
 3074 0 400.000000 0.610169 -819.590995 14.921865 0.000000 0.493973 
 3075 0 400.000000 0.610169 -820.305153 14.962054 0.000000 0.074472 
 3082 0 400.000000 0.614525 -825.824981 15.026327 0.000000 0.478079 
 3083 0 400.000000 0.608939 -818.953199 14.890928 0.000000 0.332424 
 3084 0 400.000000 0.608939 -820.186590 14.967120 0.000000 0.187957 
 3085 0 400.000000 0.608939 -819.677908 14.873215 0.000000 0.318257 
 3092 0 400.000000 0.608939 -819.877460 14.964330 0.000000 0.286513 
 3094 0 400.000000 0.608939 -820.096824 14.893865 0.000000 0.280442 
 3098 0 400.000000 0.614525 -825.476811 15.076707 0.000000 0.513228 
 3100 0 400.000000 0.614525 -825.376835 15.058965 0.000000 0.515318 
 3102 0 400.000000 0.608939 -819.754321 14.894553 0.000000 0.276217 
 3104 0 400.000000 0.608939 -820.018495 14.900878 0.000000 0.203216 
 3110 0 400.000000 0.608939 -820.404558 14.897899 0.000000 0.291194 
 3113 0 400.000000 0.608939 -820.274556 14.903929 0.000000 0.241991 
 3117 1 400.000000 0.613260 -826.322371 15.041924 -0.000000 -0.112118 
 3122 0 400.000000 0.611111 -823.272888 14.979892 0.000000 0.403281 
 3125 0 400.000000 0.616667 -827.824138 15.124559 0.000000 0.483562 
 3127 0 400.000000 0.611111 -822.800599 14.956078 0.000000 0.057430 
 3141 0 400.000000 0.611111 -822.762667 14.940951 0.000000 0.077358 
 3147 0 400.000000 0.616667 -828.308457 15.105575 0.000000 0.449066 
 3148 0 400.000000 0.616667 -828.594041 15.121041 0.000000 0.613093 
 3149 0 400.000000 0.611111 -823.304764 14.953536 0.000000 0.173818 
 3151 0 400.000000 0.616667 -828.821412 15.105664 0.000000 0.537491 
 3155 1 400.000000 0.615385 -828.763681 15.066344 -0.000000 -0.033298 
 3158 0 400.000000 0.613260 -825.751451 15.028122 0.000000 0.139959 
 3163 0 400.000000 0.613260 -826.098351 15.002093 0.000000 0.348033 
 3167 0 400.000000 0.613260 -825.675209 15.056053 0.000000 0.231867 
 3172 0 400.000000 0.617486 -831.141876 15.144990 -0.000000 0.043521 
 3173 0 400.000000 0.618785 -831.531644 15.167280 0.000000 0.281967 
 3174 0 400.000000 0.613260 -826.354927 14.977686 0.000000 0.480137 
 3176 0 400.000000 0.613260 -825.996036 15.015770 0.000000 0.151617 
 3177 0 400.000000 0.613260 -826.064705 14.976482 0.000000 0.239372 
 3179 0 400.000000 0.618785 -832.024864 15.133193 0.000000 0.567149 
 3180 0 400.000000 0.613260 -825.917201 15.006314 0.000000 0.240860 
 3182 0 400.000000 0.618785 -831.795130 15.121748 0.000000 0.595671 
 3185 0 400.000000 0.613260 -825.502402 14.991995 0.000000 0.277074 
 3186 0 400.000000 0.613260 -825.638030 15.040534 0.000000 0.315640 
 3192 0 400.000000 0.613260 -825.363524 15.043493 0.000000 0.016057 
 3195 0 400.000000 0.613260 -825.491353 15.028675 0.000000 0.384009 
 3205 0 400.000000 0.618785 -831.367668 15.178694 0.000000 0.353016 
 3207 0 400.000000 0.613260 -826.070016 15.002667 0.000000 0.187248 
 3213 0 400.000000 0.613260 -826.047360 15.006315 0.000000 0.328432 
 3214 0 400.000000 0.617486 -831.394724 15.152381 -0.000000 0.119557 
 3219 0 400.000000 0.612022 -825.671908 14.980487 -0.000000 0.150105 
 3220 0 400.000000 0.613260 -825.606232 15.043850 0.000000 0.228578 
 3221 0 400.000000 0.612022 -826.531298 14.968306 -0.000000 0.045826 
 3222 0 400.000000 0.613260 -826.114095 15.019125 0.000000 0.140070 
 3223 0 400.000000 0.618785 -832.075604 15.188712 0.000000 0.446203 
 3226 0 400.000000 0.613260 -825.547633 15.046377 0.000000 0.264303 
 3228 0 400.000000 0.617486 -831.855604 15.139581 -0.000000 0.149782 
 3231 0 400.000000 0.613260 -826.091839 15.049175 0.000000 0.220306 
 3233 0 400.000000 0.613260 -826.246640 14.992160 0.000000 0.481393 
 3235 0 400.000000 0.618785 -832.063774 15.148169 0.000000 0.363078 
 3240 0 400.000000 0.618785 -831.186413 15.188423 0.000000 0.576683 
 3242 0 400.000000 0.613260 -825.664332 15.022355 0.000000 0.121635 
 3253 0 400.000000 0.618785 -831.301556 15.156589 0.000000 0.351343 
 3255 0 400.000000 0.612022 -825.304136 14.980910 -0.000000 0.383735 
 3257 0 400.000000 0.618785 -831.231221 15.157137 0.000000 0.459917 
 3258 0 400.000000 0.618785 -831.569081 15.147765 0.000000 0.238657 
 3262 0 400.000000 0.618785 -831.632788 15.177982 0.000000 0.298092 
 3263 0 400.000000 0.613260 -825.653127 15.017578 0.000000 0.315543 
 3266 0 400.000000 0.618785 -831.470920 15.133768 0.000000 0.283484 
 3267 0 400.000000 0.617486 -831.385954 15.124088 -0.000000 0.107183 
 3269 0 400.000000 0.618785 -831.869969 15.135006 0.000000 0.434297 
 3270 0 400.000000 0.618785 -831.089684 15.167252 0.000000 0.470812 
 3274 0 400.000000 0.618785 -831.461895 15.168711 0.000000 0.393347 
 3291 0 400.000000 0.617486 -831.680500 15.115460 0.000000 0.441117 
 3292 0 400.000000 0.612022 -826.157689 14.960033 0.000000 0.081606 
 3293 0 400.000000 0.612022 -826.224695 15.015150 0.000000 0.141173 
 3301 0 400.000000 0.612022 -826.322007 14.986910 0.000000 0.150035 
 3306 0 400.000000 0.617486 -831.483918 15.106188 0.000000 0.395919 
 3307 0 400.000000 0.617486 -831.215165 15.128867 0.000000 0.508501 
 3309 0 400.000000 0.612022 -825.382545 14.979830 0.000000 0.300671 
 3312 0 400.000000 0.617486 -831.392161 15.122172 0.000000 0.670415 
 3320 0 400.000000 0.612022 -825.630707 14.960510 0.000000 0.206734 
 3322 0 400.000000 0.617486 -831.243703 15.092519 0.000000 0.491653 
 3326 0 400.000000 0.612022 -825.876461 15.009024 0.000000 0.287320 
 3328 0 400.000000 0.612022 -825.551484 14.945828 0.000000 0.264349 
 3330 0 400.000000 0.617486 -830.715402 15.120772 0.000000 0.407140 
 3331 0 400.000000 0.612022 -825.856280 14.963131 0.000000 0.327546 
 3333 0 400.000000 0.617486 -831.509413 15.108882 0.000000 0.430798 
 3334 0 400.000000 0.617486 -830.891497 15.104177 0.000000 0.517524 
 3336 0 400.000000 0.612022 -825.239129 14.972947 0.000000 0.172297 
 3339 0 400.000000 0.610811 -825.866325 14.932072 0.000000 0.286094 
 3340 0 400.000000 0.610811 -824.839281 14.973819 0.000000 0.180009 
 3342 0 400.000000 0.610811 -824.988129 14.930458 0.000000 0.181334 
 3344 0 400.000000 0.616216 -831.161665 15.072646 0.000000 0.537994 
 3348 0 400.000000 0.616216 -831.357386 15.093048 0.000000 0.427923 
 3351 0 400.000000 0.616216 -831.033165 15.103827 0.000000 0.277793 
 3354 0 400.000000 0.616216 -831.472386 15.106481 0.000000 0.542088 
 3355 0 400.000000 0.610811 -826.094874 14.936315 0.000000 0.268250 
 3356 1 400.000000 0.614973 -831.066174 15.057238 -0.000000 -0.131579 
 3362 0 400.000000 0.612903 -828.739554 15.026257 0.000000 0.155652 
 3366 0 400.000000 0.612903 -828.715934 14.994799 0.000000 0.435660 
 3369 0 400.000000 0.612903 -828.738025 14.990411 0.000000 0.274410 
 3370 0 400.000000 0.612903 -828.924836 14.996057 0.000000 0.226380 
 3371 0 400.000000 0.612903 -828.367854 15.025451 0.000000 0.188137 
 3372 0 400.000000 0.618280 -834.004692 15.113757 0.000000 0.486809 
 3373 0 400.000000 0.618280 -833.711091 15.144572 0.000000 0.441563 
 3374 0 400.000000 0.612903 -828.919492 15.016436 0.000000 0.102838 
 3378 0 400.000000 0.611702 -827.982413 14.943961 -0.000000 0.203296 
 3379 0 400.000000 0.618280 -833.677368 15.171288 0.000000 0.742642 
 3380 0 400.000000 0.618280 -833.470377 15.128131 0.000000 0.646917 
 3381 0 400.000000 0.617021 -833.722968 15.089302 -0.000000 0.080463 
 3382 0 400.000000 0.612903 -828.372609 15.039610 0.000000 0.173465 
 3383 0 400.000000 0.612903 -827.978106 14.982538 0.000000 0.171125 
 3387 0 400.000000 0.612903 -828.526246 15.027206 0.000000 0.134835 
 3390 0 400.000000 0.618280 -833.210930 15.173391 0.000000 0.422278 
 3392 0 400.000000 0.618280 -834.099416 15.118073 0.000000 0.160440 
 3393 0 400.000000 0.618280 -832.958382 15.173578 0.000000 0.473995 
 3404 0 400.000000 0.612903 -828.003136 15.034501 0.000000 0.185362 
 3407 0 400.000000 0.612903 -828.420258 15.032159 0.000000 0.454651 
 3411 0 400.000000 0.611702 -828.129654 14.945032 -0.000000 0.166014 
 3413 0 400.000000 0.612903 -828.582103 15.005128 0.000000 0.206263 
 3420 0 400.000000 0.618280 -833.897829 15.137683 0.000000 0.439637 
 3422 0 400.000000 0.618280 -834.372751 15.099730 0.000000 0.482621 
 3427 0 400.000000 0.618280 -833.975327 15.131018 0.000000 0.418368 
 3430 0 400.000000 0.611702 -828.743812 14.950298 0.000000 0.279525 
 3431 0 400.000000 0.617021 -833.887964 15.075182 0.000000 0.610961 
 3434 0 400.000000 0.611702 -828.615442 14.964173 0.000000 0.330655 
 3438 0 400.000000 0.610526 -827.878886 14.958240 -0.000000 0.072678 
 3439 0 400.000000 0.611702 -828.335731 14.933717 0.000000 0.348281 
 3440 0 400.000000 0.611702 -827.662315 14.999569 0.000000 0.242218 
 3441 0 400.000000 0.611702 -827.974931 14.964694 0.000000 0.180725 
 3448 0 400.000000 0.611702 -827.118958 14.979488 0.000000 0.369877 
 3452 0 400.000000 0.611702 -827.528616 14.972482 0.000000 0.151336 
 3456 0 400.000000 0.617021 -833.531173 15.101778 0.000000 0.530315 
 3457 0 400.000000 0.617021 -832.850836 15.118370 0.000000 0.340707 
 3458 0 400.000000 0.611702 -827.558040 14.950167 0.000000 0.530616 
 3465 0 400.000000 0.610526 -828.135609 14.951116 0.000000 0.284317 
 3469 0 400.000000 0.610526 -827.678685 14.914079 0.000000 0.267751 
 3470 0 400.000000 0.615789 -833.827950 15.072745 0.000000 0.386682 
 3471 0 400.000000 0.615789 -834.055383 15.079068 0.000000 0.509373 
 3474 0 400.000000 0.610526 -828.468900 14.944147 0.000000 0.272733 
 3479 0 400.000000 0.610526 -827.873142 14.961410 0.000000 0.075767 
 3480 0 400.000000 0.610526 -828.391189 14.922789 0.000000 0.292950 
 3482 0 400.000000 0.610526 -828.214831 14.968855 0.000000 0.293337 
 3486 0 400.000000 0.610526 -828.350143 14.900318 0.000000 0.221819 
 3488 1 400.000000 0.614583 -833.728438 15.056783 -0.000000 -0.063983 
 3489 0 400.000000 0.612565 -830.793389 14.954834 0.000000 0.218542 
 3495 0 400.000000 0.610256 -831.058470 14.917943 0.000000 0.232302 
 3496 0 400.000000 0.615385 -835.199793 15.067328 0.000000 0.555225 
 3498 0 400.000000 0.610256 -831.047664 14.941078 0.000000 0.243475 
 3499 0 400.000000 0.615385 -836.687112 15.059440 0.000000 0.354100 
 3500 0 400.000000 0.615385 -835.951682 15.027044 0.000000 0.497917 
 3502 0 400.000000 0.610256 -830.684044 14.921494 0.000000 0.141670 
 3504 0 400.000000 0.615385 -835.837004 15.073385 0.000000 0.275080 
 3505 1 400.000000 0.614213 -836.938992 15.012004 -0.000000 -0.045219 
 3509 0 400.000000 0.616162 -838.811637 15.088945 -0.000000 0.167143 
 3518 0 400.000000 0.612245 -833.033857 15.018778 0.000000 0.072399 
 3520 0 400.000000 0.612245 -833.274333 14.990716 0.000000 0.106455 
 3522 1 400.000000 0.611111 -832.568581 14.905294 -0.000000 -0.134226 
 3523 0 400.000000 0.609137 -830.020710 14.934785 0.000000 0.438867 
 3525 0 400.000000 0.613065 -835.915927 14.949820 0.000000 0.592181 
 3526 0 400.000000 0.613065 -835.441979 15.034616 0.000000 0.436824 
 3527 0 400.000000 0.608040 -830.402793 14.859478 0.000000 0.311739 
 3530 1 400.000000 0.611940 -836.595119 14.938623 -0.000000 -0.004161 
 3533 1 400.000000 0.613861 -838.425465 14.972200 -0.000000 -0.081945 
 3535 0 400.000000 0.616915 -841.249015 15.108277 0.000000 0.182673 
 3540 0 400.000000 0.611940 -836.434811 14.987728 0.000000 0.163748 
 3542 0 400.000000 0.611940 -836.789497 14.946449 0.000000 0.234586 
 3544 0 400.000000 0.616915 -841.780959 15.069606 0.000000 0.415614 
 3550 0 400.000000 0.611940 -835.964574 14.935685 0.000000 0.153772 
 3551 0 400.000000 0.611940 -836.969584 14.970001 0.000000 0.211546 
 3552 0 400.000000 0.611940 -836.317988 14.975096 0.000000 0.260826 
 3556 0 400.000000 0.616915 -841.803411 15.079074 0.000000 0.479623 
 3557 0 400.000000 0.611940 -836.677257 14.966159 0.000000 0.211403 
 3559 0 400.000000 0.616915 -841.648574 15.087423 0.000000 0.480721 
 3562 0 400.000000 0.611940 -836.765703 14.973229 0.000000 0.096530 
 3565 0 400.000000 0.616915 -841.873613 15.093163 0.000000 0.468162 
 3569 0 400.000000 0.611940 -837.074912 14.945247 0.000000 0.251516 
 3574 0 400.000000 0.611940 -836.350708 14.962588 0.000000 0.271431 
 3579 0 400.000000 0.616915 -841.202138 15.115311 0.000000 0.495751 
 3583 0 400.000000 0.616915 -841.210455 15.057340 0.000000 0.473743 
 3586 0 400.000000 0.611940 -836.322121 14.928844 0.000000 0.060793 
 3587 0 400.000000 0.615764 -841.274277 15.077756 -0.000000 0.080056 
 3594 0 400.000000 0.616915 -841.804343 15.074755 0.000000 0.502597 
 3595 0 400.000000 0.616915 -840.809210 15.052046 0.000000 0.199659 
 3602 0 400.000000 0.616915 -841.487710 15.100441 0.000000 0.468521 
 3608 0 400.000000 0.616915 -841.868393 15.077311 0.000000 0.469005 
 3616 1 400.000000 0.615764 -841.907478 15.070367 -0.000000 -0.016210 
 3621 0 400.000000 0.618812 -844.079996 15.150173 0.000000 0.440543 
 3622 0 400.000000 0.618812 -844.669050 15.121997 0.000000 0.397353 
 3623 0 400.000000 0.618812 -844.406316 15.116939 0.000000 0.438835 
 3624 0 400.000000 0.618812 -844.007151 15.145674 0.000000 0.524199 
 3626 0 400.000000 0.613861 -838.751547 15.006330 0.000000 0.348669 
 3627 1 400.000000 0.617647 -845.342294 15.112450 -0.000000 -0.065211 
 3630 0 400.000000 0.620690 -846.485321 15.182804 0.000000 0.487850 
 3631 0 400.000000 0.615764 -841.988645 15.041983 0.000000 0.239217 
 3637 0 400.000000 0.620690 -847.042645 15.181135 0.000000 0.535770 
 3642 0 400.000000 0.615764 -841.923691 15.035699 0.000000 0.289231 
 3647 0 400.000000 0.620690 -845.781912 15.146290 0.000000 0.437063 
 3648 0 400.000000 0.615764 -841.515395 15.060576 0.000000 0.435383 
 3649 0 400.000000 0.615764 -840.912654 15.082651 0.000000 0.064365 
 3650 0 400.000000 0.620690 -846.600200 15.142405 0.000000 0.432352 
 3651 0 400.000000 0.620690 -846.140155 15.203630 0.000000 0.408264 
 3653 0 400.000000 0.620690 -846.331303 15.138621 0.000000 0.474659 
 3660 0 400.000000 0.620690 -845.613319 15.211144 0.000000 0.417017 
 3663 0 400.000000 0.615764 -841.206486 15.076924 0.000000 0.084803 
 3667 0 400.000000 0.615764 -841.277194 15.020829 0.000000 0.126265 
 3669 0 400.000000 0.619512 -846.677347 15.143180 0.000000 0.581704 
 3681 0 400.000000 0.619512 -846.611848 15.109118 0.000000 0.527201 
 3683 0 400.000000 0.614634 -841.596363 15.010161 0.000000 0.136994 
 3684 0 400.000000 0.614634 -841.922557 15.004412 0.000000 0.459741 
 3686 0 400.000000 0.618357 -847.032192 15.086414 -0.000000 0.033709 
 3689 0 400.000000 0.613527 -842.159373 14.954787 0.000000 0.206761 
 3691 0 400.000000 0.613527 -842.028482 15.003963 0.000000 0.251587 
 3695 0 400.000000 0.618357 -846.956543 15.086847 0.000000 0.499346 
 3696 0 400.000000 0.618357 -847.042580 15.145073 0.000000 0.371838 
 3698 0 400.000000 0.613527 -842.055858 14.987292 0.000000 0.310616 
 3700 0 400.000000 0.613527 -842.305101 14.970917 0.000000 0.376180 
 3701 0 400.000000 0.618357 -846.731763 15.120476 0.000000 0.575259 
 3703 0 400.000000 0.613527 -841.953697 14.968000 0.000000 0.183191 
 3704 0 400.000000 0.613527 -841.649206 15.011838 0.000000 0.454724 
 3705 0 400.000000 0.613527 -841.707756 14.991054 0.000000 0.413366 
 3706 0 400.000000 0.618357 -846.766367 15.095258 0.000000 0.338036 
 3708 0 400.000000 0.618357 -846.830347 15.104240 0.000000 0.517163 
 3709 0 400.000000 0.613527 -841.882903 14.986422 0.000000 0.194261 
 3710 0 400.000000 0.613527 -841.169284 15.005497 0.000000 0.270194 
 3712 0 400.000000 0.612440 -841.948813 14.967874 0.000000 0.234195 
 3713 0 400.000000 0.617225 -846.737770 15.096742 0.000000 0.398534 
 3723 0 400.000000 0.617225 -847.046610 15.075894 0.000000 0.510875 
 3725 0 400.000000 0.612440 -842.178828 14.944941 0.000000 0.378669 
 3728 0 400.000000 0.612440 -841.609633 14.935586 0.000000 0.227740 
 3729 0 400.000000 0.612440 -841.854968 14.982948 0.000000 0.135132 
 3731 0 400.000000 0.612440 -842.136522 14.935188 0.000000 0.452020 
 3732 0 400.000000 0.617225 -846.093798 15.108221 0.000000 0.559572 
 3735 0 400.000000 0.612440 -841.750820 14.998866 0.000000 0.153193 
 3736 0 400.000000 0.617225 -846.664282 15.060798 0.000000 0.582108 
 3738 0 400.000000 0.612440 -842.278482 14.994567 0.000000 0.165290 
 3740 1 400.000000 0.611374 -841.969706 14.943612 -0.000000 -0.153542 
 3741 0 400.000000 0.609524 -839.863741 14.910917 0.000000 0.147599 
 3742 0 400.000000 0.614286 -844.777806 14.964744 0.000000 0.334472 
 3745 0 400.000000 0.614286 -844.752667 14.970310 0.000000 0.518898 
 3748 1 400.000000 0.608491 -839.948500 14.841283 -0.000000 -0.084200 
 3749 0 400.000000 0.611374 -841.902778 14.965536 0.000000 0.576804 
 3750 1 400.000000 0.606635 -837.765976 14.786565 0.000000 0.069862 
 3752 0 400.000000 0.609524 -839.730013 14.914595 0.000000 0.262361 
 3756 1 400.000000 0.608491 -840.291125 14.828357 -0.000000 -0.014118 
 3760 0 400.000000 0.611374 -842.315484 14.960204 0.000000 0.248302 
 3763 0 400.000000 0.611374 -842.060095 14.956298 0.000000 0.344766 
 3766 0 400.000000 0.606635 -837.042680 14.835142 0.000000 0.201834 
 3767 0 400.000000 0.611374 -842.070338 14.898516 0.000000 0.474268 
 3772 0 400.000000 0.605634 -837.063505 14.777782 0.000000 0.196458 
 3773 0 400.000000 0.605634 -837.162430 14.769442 0.000000 0.406665 
 3777 0 400.000000 0.610329 -841.069132 14.927779 0.000000 0.366725 
 3780 0 400.000000 0.610329 -841.847097 14.916759 0.000000 0.462142 
 3781 0 400.000000 0.610329 -842.239466 14.868381 0.000000 0.470010 
 3782 0 400.000000 0.605634 -836.672053 14.819380 0.000000 0.223615 
 3783 1 400.000000 0.605634 -837.108159 14.786608 0.000000 0.068342 
 3787 0 400.000000 0.603774 -834.916593 14.729118 0.000000 0.277960 
 3789 0 400.000000 0.603774 -835.119348 14.721602 0.000000 0.183027 
 3790 0 400.000000 0.603774 -834.880303 14.742221 0.000000 0.253582 
 3791 0 400.000000 0.608491 -839.582106 14.876538 0.000000 0.390771 
 3793 0 400.000000 0.608491 -839.932108 14.873092 0.000000 0.430150 
 3797 0 400.000000 0.606481 -840.701966 14.790670 0.000000 0.470009 
 3801 0 400.000000 0.605505 -840.406085 14.769002 0.000000 0.307695 
 3806 0 400.000000 0.605505 -840.385907 14.748490 0.000000 0.609274 
 3807 0 400.000000 0.605505 -840.782180 14.791955 0.000000 0.507639 
 3808 0 400.000000 0.600917 -836.053953 14.665323 0.000000 0.112221 
 3811 0 400.000000 0.605505 -840.797464 14.767190 0.000000 0.580919 
 3812 0 400.000000 0.605505 -840.649207 14.760779 0.000000 0.506497 
 3815 0 400.000000 0.605505 -840.574503 14.773845 0.000000 0.471282 
 3818 0 400.000000 0.605505 -840.212912 14.788253 0.000000 0.426573 
 3821 1 400.000000 0.600000 -836.047742 14.667856 0.000000 0.031331 
 3823 0 400.000000 0.602740 -838.094982 14.681057 0.000000 0.552220 
 3827 0 400.000000 0.597285 -834.082803 14.614093 0.000000 0.321509 
 3829 0 400.000000 0.601810 -837.992151 14.689623 0.000000 0.398826 
 3834 0 400.000000 0.597285 -833.793490 14.531658 0.000000 0.289399 
 3835 0 400.000000 0.601810 -837.947442 14.723584 0.000000 0.448839 
 3836 0 400.000000 0.601810 -838.266048 14.668284 0.000000 0.578081 
 3838 0 400.000000 0.597285 -833.707639 14.612192 0.000000 0.143500 
 3845 0 400.000000 0.597285 -833.819765 14.543500 0.000000 0.346106 
 3848 0 400.000000 0.601810 -839.110780 14.665430 0.000000 0.331710 
 3854 0 400.000000 0.597285 -834.543665 14.578015 0.000000 0.346364 
 3856 0 400.000000 0.597285 -834.372058 14.551781 0.000000 0.242135 
 3858 0 400.000000 0.597285 -833.889550 14.571879 0.000000 0.338352 
 3859 0 400.000000 0.597285 -834.438755 14.555315 0.000000 0.274137 
 3864 0 400.000000 0.601810 -839.290131 14.667187 0.000000 0.497186 
 3865 0 400.000000 0.597285 -834.261861 14.568880 0.000000 0.279596 
 3866 0 400.000000 0.601810 -839.309267 14.693348 0.000000 0.321668 
 3870 0 400.000000 0.597285 -834.520959 14.554587 0.000000 0.186258 
 3874 0 400.000000 0.597285 -833.983607 14.589792 0.000000 0.334927 
 3876 0 400.000000 0.601810 -838.815334 14.676471 0.000000 0.547273 
 3887 0 400.000000 0.601810 -838.092969 14.667318 0.000000 0.488416 
 3888 0 400.000000 0.597285 -834.145396 14.606855 0.000000 0.192904 
 3892 0 400.000000 0.601810 -838.460932 14.646710 0.000000 0.485604 
 3898 0 400.000000 0.601810 -838.328810 14.653101 0.000000 0.404884 
 3900 0 400.000000 0.601810 -838.551131 14.660863 0.000000 0.731250 
 3903 0 400.000000 0.597285 -833.978805 14.535621 0.000000 0.167143 
 3904 0 400.000000 0.597285 -834.043181 14.575897 0.000000 0.255823 
 3905 0 400.000000 0.601810 -838.895266 14.708191 0.000000 0.410115 
 3912 0 400.000000 0.601810 -839.124325 14.655155 0.000000 0.532178 
 3915 0 400.000000 0.601810 -838.533130 14.673466 0.000000 0.598436 
 3917 0 400.000000 0.600897 -838.909094 14.620941 -0.000000 0.172215 
 3919 0 400.000000 0.597285 -834.248992 14.582813 0.000000 0.024504 
 3924 0 400.000000 0.597285 -833.966258 14.601675 0.000000 0.310304 
 3928 0 400.000000 0.597285 -833.968445 14.545495 0.000000 0.237957 
 3929 0 400.000000 0.601810 -838.683899 14.685324 0.000000 0.401045 
 3934 0 400.000000 0.601810 -838.605992 14.657110 0.000000 0.504368 
 3939 0 400.000000 0.600897 -838.706031 14.643839 -0.000000 0.058592 
 3940 0 400.000000 0.601810 -838.298609 14.680622 0.000000 0.450693 
 3942 0 400.000000 0.597285 -834.377107 14.551658 0.000000 0.207053 
 3943 0 400.000000 0.601810 -838.595710 14.693912 0.000000 0.492181 
 3947 0 400.000000 0.597285 -833.874436 14.574266 0.000000 0.130199 
 3951 0 400.000000 0.601810 -837.947907 14.679928 0.000000 0.455919 
 3952 0 400.000000 0.601810 -838.060610 14.712428 0.000000 0.421614 
 3956 0 400.000000 0.601810 -837.992305 14.659464 0.000000 0.405057 
 3957 0 400.000000 0.601810 -837.759998 14.706120 0.000000 0.405875 
 3963 0 400.000000 0.597285 -833.259293 14.609716 0.000000 0.296002 
 3964 0 400.000000 0.597285 -833.753167 14.553499 0.000000 0.254623 
 3966 0 400.000000 0.601810 -838.062651 14.714866 0.000000 0.298388 
 3967 0 400.000000 0.597285 -833.674551 14.539874 0.000000 0.230142 
 3968 0 400.000000 0.601810 -837.958747 14.694756 0.000000 0.520712 
 3969 0 400.000000 0.601810 -838.621965 14.704295 0.000000 0.479350 
 3972 0 400.000000 0.597285 -833.882262 14.574357 0.000000 0.302237 
 3975 1 400.000000 0.600897 -839.053010 14.644002 -0.000000 -0.034569 
 3981 0 400.000000 0.603604 -841.289043 14.687845 0.000000 0.462671 
 3982 0 400.000000 0.599099 -836.372908 14.630601 0.000000 0.207504 
 3984 0 400.000000 0.603604 -841.658898 14.688646 0.000000 0.530900 
 3986 0 400.000000 0.603604 -841.013690 14.724285 0.000000 0.406878 
 3987 0 400.000000 0.603604 -841.227308 14.699492 0.000000 0.417682 
 3989 0 400.000000 0.603604 -841.377136 14.708921 0.000000 0.459367 
 3994 0 400.000000 0.599099 -836.953041 14.632147 0.000000 0.137842 
 3997 0 400.000000 0.603604 -841.669236 14.728455 0.000000 0.416981 
 3998 0 400.000000 0.603604 -841.528972 14.700789 0.000000 0.473037 
 4003 0 400.000000 0.599099 -836.827726 14.596800 0.000000 0.264534 
 4008 0 400.000000 0.603604 -841.134023 14.732342 0.000000 0.442474 
 4010 0 400.000000 0.599099 -836.195045 14.623437 0.000000 0.102958 
