 503 0 400.000000 0.500000 -553.729573 12.510399 0.000000 0.382379 
 504 0 400.000000 0.500000 -553.232039 12.514960 0.000000 0.793918 
 507 1 400.000000 0.489796 -540.476482 12.281571 0.000000 -0.202297 
 508 0 400.000000 0.461538 -505.666810 11.567910 0.000000 0.243455 
 510 0 400.000000 0.444444 -490.664718 11.138245 -0.000000 0.352150 
 517 0 400.000000 0.479167 -528.755135 12.023492 -0.000000 1.308025 
 525 0 400.000000 0.458333 -504.797553 11.482651 -0.000000 1.315227 
 528 0 400.000000 0.434783 -479.174800 10.875252 -0.000000 1.227646 
 530 0 400.000000 0.480000 -528.126664 12.066362 -0.000000 1.145441 
 532 0 400.000000 0.469388 -517.320425 11.721079 -0.000000 0.714205 
 533 0 400.000000 0.510204 -564.105502 12.805281 -0.000000 0.442625 
 536 0 400.000000 0.500000 -551.347547 12.537793 -0.000000 0.483191 
 538 0 400.000000 0.510204 -564.461316 12.771850 -0.000000 0.620806 
 542 0 400.000000 0.490196 -539.837981 12.264244 0.000000 0.231943 
 555 1 400.000000 0.480000 -528.630710 12.026851 0.000000 -0.067368 
 557 0 400.000000 0.469388 -517.131009 11.776175 -0.000000 0.122552 
 559 0 400.000000 0.480000 -528.563940 12.002390 0.000000 0.426360 
 562 0 400.000000 0.446809 -492.325629 11.175805 -0.000000 1.138601 
 563 0 400.000000 0.500000 -552.800010 12.545091 -0.000000 0.863219 
 564 0 400.000000 0.434783 -478.880583 10.908728 -0.000000 0.851468 
 566 0 400.000000 0.480000 -528.212059 12.034266 0.000000 0.397574 
 567 0 400.000000 0.480000 -528.765032 12.022308 0.000000 0.535276 
 569 0 400.000000 0.480000 -528.122284 12.062804 0.000000 0.727855 
 570 0 400.000000 0.480000 -528.054202 12.031649 0.000000 0.518480 
 571 0 400.000000 0.489796 -540.429184 12.250279 -0.000000 0.719116 
 572 1 400.000000 0.452830 -495.110369 11.363014 0.000000 -0.126604 
 573 0 400.000000 0.442308 -483.641611 11.101752 -0.000000 0.480069 
 575 0 400.000000 0.431373 -471.841247 10.818671 -0.000000 0.714705 
 580 0 400.000000 0.431373 -471.919271 10.811332 -0.000000 0.943609 
 584 0 400.000000 0.461538 -505.851626 11.567860 0.000000 0.458910 
 588 0 400.000000 0.469388 -516.445223 11.784266 -0.000000 0.832102 
 593 0 400.000000 0.444444 -485.528797 11.107785 -0.000000 0.384194 
 594 0 400.000000 0.423077 -461.904492 10.628198 -0.000000 1.557410 
 601 0 400.000000 0.444444 -485.550019 11.132353 -0.000000 0.192404 
 603 0 400.000000 0.423077 -462.122666 10.630384 -0.000000 0.604235 
 605 0 400.000000 0.454545 -496.541267 11.381755 0.000000 0.342927 
 606 0 400.000000 0.423077 -462.067204 10.635682 -0.000000 1.140023 
 607 0 400.000000 0.454545 -496.604638 11.395239 0.000000 0.264639 
 608 0 400.000000 0.446429 -486.235129 11.174636 0.000000 0.774673 
 610 0 400.000000 0.446429 -486.607867 11.193092 0.000000 0.232989 
 611 0 400.000000 0.446429 -486.620380 11.180782 0.000000 0.291804 
 612 0 400.000000 0.454545 -496.179789 11.411088 0.000000 0.660661 
 615 0 400.000000 0.462963 -506.518669 11.615951 -0.000000 0.325982 
 617 0 400.000000 0.464286 -507.063441 11.625978 0.000000 0.692494 
 620 0 400.000000 0.454545 -495.929260 11.391531 0.000000 0.640732 
 622 0 400.000000 0.500000 -551.360825 12.556195 -0.000000 1.704345 
 624 0 400.000000 0.454545 -496.030006 11.366859 0.000000 0.331226 
 625 0 400.000000 0.444444 -485.192335 11.155365 -0.000000 0.197979 
 630 1 400.000000 0.446429 -486.225489 11.202854 0.000000 -0.009425 
 632 0 400.000000 0.438596 -476.263967 11.019312 0.000000 0.327534 
 633 0 400.000000 0.436364 -475.081476 10.949118 -0.000000 0.294662 
 634 0 400.000000 0.436364 -474.883966 10.938134 -0.000000 0.923549 
 635 0 400.000000 0.403846 -439.736131 10.143076 -0.000000 1.437231 
 636 0 400.000000 0.454545 -495.052245 11.407990 -0.000000 1.131980 
 637 1 400.000000 0.438596 -476.214099 11.013869 0.000000 -0.048483 
 640 0 400.000000 0.448276 -486.893665 11.247449 0.000000 0.013401 
 642 0 400.000000 0.431034 -466.652888 10.830858 0.000000 0.367791 
 644 0 400.000000 0.446429 -485.259542 11.194390 -0.000000 0.792855 
 650 0 400.000000 0.446429 -485.526279 11.229060 -0.000000 0.683067 
 653 1 400.000000 0.431034 -467.270641 10.853725 0.000000 -0.050964 
 654 0 400.000000 0.421053 -456.557479 10.563615 -0.000000 1.958136 
 655 0 400.000000 0.423729 -458.458807 10.609770 0.000000 0.667282 
 656 0 400.000000 0.423729 -458.291739 10.636647 0.000000 0.365327 
 657 0 400.000000 0.421053 -456.302563 10.579569 -0.000000 0.268038 
 658 0 400.000000 0.438596 -476.643396 11.009683 -0.000000 0.035001 
 662 0 400.000000 0.421053 -456.861426 10.549108 -0.000000 0.222899 
 666 0 400.000000 0.423729 -458.353002 10.645042 -0.000000 0.253556 
 668 0 400.000000 0.433333 -468.585501 10.856855 -0.000000 0.668414 
 674 0 400.000000 0.392857 -425.167595 9.855934 -0.000000 1.290808 
 675 0 400.000000 0.423729 -459.048059 10.645493 -0.000000 1.245806 
 676 0 400.000000 0.433333 -468.727921 10.867275 0.000000 0.763269 
 677 0 400.000000 0.392857 -425.404196 9.866660 -0.000000 1.014694 
 684 0 400.000000 0.433333 -469.320752 10.870630 0.000000 0.686465 
 685 0 400.000000 0.423729 -458.446767 10.631607 -0.000000 0.234441 
 687 0 400.000000 0.403509 -437.114968 10.132327 -0.000000 1.236882 
 689 0 400.000000 0.442623 -479.415014 11.101067 0.000000 0.282504 
 690 0 400.000000 0.448276 -487.528918 11.241976 -0.000000 0.774372 
 694 0 400.000000 0.472727 -517.759350 11.864582 -0.000000 0.848742 
 695 0 400.000000 0.433333 -469.239866 10.882903 0.000000 0.508281 
 697 0 400.000000 0.416667 -450.500206 10.448770 -0.000000 0.573416 
 698 0 400.000000 0.426230 -460.311996 10.706140 -0.000000 0.370114 
 699 0 400.000000 0.396552 -428.652299 9.952604 -0.000000 1.408838 
 701 0 400.000000 0.385965 -416.941373 9.695522 -0.000000 1.552270 
 707 0 400.000000 0.444444 -480.445848 11.157989 0.000000 0.357760 
 708 0 400.000000 0.421875 -453.637507 10.586593 0.000000 0.403256 
 709 0 400.000000 0.426230 -460.658502 10.704074 -0.000000 1.604584 
 710 0 400.000000 0.396552 -428.588648 9.949844 -0.000000 1.262221 
 713 0 400.000000 0.442623 -479.224680 11.116721 -0.000000 0.380653 
 717 0 400.000000 0.426230 -460.160512 10.699252 -0.000000 0.532465 
 719 0 400.000000 0.442623 -479.028258 11.109059 -0.000000 0.435043 
 720 0 400.000000 0.435484 -470.373232 10.934919 0.000000 0.094641 
 726 0 400.000000 0.406780 -439.239748 10.184975 -0.000000 0.933764 
 728 0 400.000000 0.457627 -497.008610 11.508676 -0.000000 1.359550 
 733 0 400.000000 0.459016 -496.957890 11.531549 -0.000000 1.542977 
 734 0 400.000000 0.417910 -446.965027 10.506998 0.000000 0.461469 
 736 0 400.000000 0.428571 -461.798893 10.753337 -0.000000 0.351210 
 743 1 400.000000 0.447761 -481.633061 11.253984 0.000000 0.003726 
 746 0 400.000000 0.447761 -481.217727 11.249511 0.000000 0.630919 
 748 0 400.000000 0.412698 -444.083590 10.367693 -0.000000 1.329830 
 749 0 400.000000 0.412698 -444.270904 10.373785 -0.000000 1.074373 
 751 0 400.000000 0.471429 -507.122336 11.839462 0.000000 0.134038 
 753 0 400.000000 0.430769 -463.859335 10.800525 -0.000000 0.778377 
 754 0 400.000000 0.412698 -443.769128 10.376060 -0.000000 1.661059 
 755 0 400.000000 0.447761 -481.735433 11.261899 0.000000 0.835368 
 756 1 400.000000 0.454545 -490.500142 11.381638 -0.000000 0.003978 
 759 0 400.000000 0.483871 -526.183580 12.141754 -0.000000 1.179175 
 764 0 400.000000 0.447761 -481.391479 11.228421 0.000000 0.247246 
 768 0 400.000000 0.428571 -462.093364 10.753610 -0.000000 1.007564 
 771 0 400.000000 0.447761 -481.853219 11.240876 0.000000 0.150375 
 773 0 400.000000 0.419355 -452.130031 10.521276 -0.000000 1.227579 
 776 0 400.000000 0.468750 -507.288580 11.786111 -0.000000 0.269224 
 777 0 400.000000 0.447761 -481.294901 11.239935 0.000000 0.414107 
 780 0 400.000000 0.454545 -489.042867 11.424442 0.000000 1.036513 
 782 0 400.000000 0.419355 -451.775580 10.519512 -0.000000 1.050043 
 785 0 400.000000 0.446154 -480.669571 11.187098 -0.000000 0.373584 
 786 0 400.000000 0.461538 -497.991232 11.596098 -0.000000 0.406146 
 788 0 400.000000 0.454545 -489.831869 11.414952 0.000000 1.019207 
 789 0 400.000000 0.447761 -481.347928 11.269223 0.000000 0.197913 
 790 0 400.000000 0.468750 -507.036215 11.769419 -0.000000 0.710445 
 792 0 400.000000 0.446154 -480.674613 11.227194 -0.000000 0.201726 
 795 0 400.000000 0.419355 -451.190600 10.532039 -0.000000 0.613527 
 799 0 400.000000 0.447761 -481.031715 11.262026 0.000000 0.169508 
 801 0 400.000000 0.419355 -451.652310 10.535462 -0.000000 1.074282 
 803 0 400.000000 0.454545 -490.031233 11.406035 0.000000 0.780013 
 806 0 400.000000 0.437500 -472.179136 10.948860 -0.000000 0.280287 
 807 0 400.000000 0.441176 -473.100523 11.116741 0.000000 0.228016 
 818 1 400.000000 0.449275 -482.531379 11.271604 0.000000 -0.044914 
 820 0 400.000000 0.415385 -445.892667 10.443351 -0.000000 0.993378 
 830 1 400.000000 0.444444 -474.808145 11.170237 0.000000 0.030706 
 835 0 400.000000 0.450704 -482.463320 11.330032 -0.000000 0.764665 
 841 0 400.000000 0.432432 -459.413332 10.854825 0.000000 0.185236 
 843 0 400.000000 0.444444 -474.309989 11.175593 0.000000 0.651423 
 849 0 400.000000 0.426667 -452.101729 10.731899 0.000000 0.133580 
 850 0 400.000000 0.452055 -482.610293 11.360001 0.000000 0.257421 
 852 0 400.000000 0.457143 -490.446527 11.495827 -0.000000 1.026063 
 855 1 400.000000 0.452055 -483.085065 11.374503 0.000000 -0.103666 
 857 1 400.000000 0.445946 -474.767386 11.225127 0.000000 -0.006514 
 859 0 400.000000 0.432432 -460.056663 10.865803 -0.000000 0.901636 
 860 0 400.000000 0.453333 -482.794815 11.402436 -0.000000 0.486230 
 864 0 400.000000 0.454545 -483.739375 11.428707 0.000000 0.371423 
 869 0 400.000000 0.447368 -476.090919 11.259704 0.000000 0.263882 
 871 0 400.000000 0.441558 -468.376435 11.107715 0.000000 0.291748 
 875 1 400.000000 0.443038 -469.062693 11.170033 0.000000 -0.046292 
 877 0 400.000000 0.443038 -469.254877 11.130523 0.000000 0.097757 
 882 0 400.000000 0.450000 -476.605283 11.314571 0.000000 0.686418 
 886 0 400.000000 0.453333 -483.019703 11.375731 -0.000000 0.873688 
 889 0 400.000000 0.459459 -490.602572 11.538930 -0.000000 0.571912 
 895 0 400.000000 0.443038 -468.802636 11.156826 0.000000 0.358095 
 897 0 400.000000 0.460526 -490.383604 11.579766 -0.000000 0.501478 
 898 0 400.000000 0.437500 -461.896286 11.028973 0.000000 0.026311 
 900 0 400.000000 0.460526 -490.871414 11.573631 -0.000000 0.283170 
 901 1 400.000000 0.432099 -454.930433 10.880473 0.000000 -0.076795 
 903 0 400.000000 0.425000 -447.353581 10.705157 -0.000000 1.221152 
 905 1 400.000000 0.421687 -442.405997 10.610671 0.000000 -0.022978 
 908 0 400.000000 0.421687 -441.344013 10.609707 0.000000 0.514721 
 912 0 400.000000 0.406977 -423.291124 10.246826 0.000000 0.326411 
 915 0 400.000000 0.409639 -428.035954 10.335171 -0.000000 0.219919 
 918 0 400.000000 0.433735 -454.818396 10.929469 -0.000000 0.622779 
 921 0 400.000000 0.418605 -436.221844 10.549938 -0.000000 0.202209 
 923 0 400.000000 0.418605 -436.380945 10.557626 -0.000000 0.076021 
 924 0 400.000000 0.411111 -425.283104 10.355638 0.000000 0.267979 
 925 0 400.000000 0.404762 -421.844624 10.187076 -0.000000 1.073616 
 926 0 400.000000 0.425287 -443.609242 10.719138 0.000000 0.526346 
 929 0 400.000000 0.411765 -429.575787 10.378133 -0.000000 0.182160 
 932 0 400.000000 0.425287 -443.735027 10.703524 0.000000 0.274916 
 933 0 400.000000 0.430233 -450.126242 10.845097 -0.000000 0.301564 
 942 0 400.000000 0.411765 -430.091713 10.373933 -0.000000 0.798793 
 943 0 400.000000 0.430233 -449.926186 10.845261 -0.000000 0.400784 
 946 0 400.000000 0.406977 -423.694546 10.281992 -0.000000 0.609514 
 950 1 400.000000 0.422222 -438.583878 10.661129 0.000000 -0.101144 
 951 0 400.000000 0.404255 -415.766892 10.174773 0.000000 0.553354 
 953 0 400.000000 0.426966 -444.993724 10.790208 -0.000000 0.765518 
 960 0 400.000000 0.431818 -450.167805 10.907815 -0.000000 0.465100 
 962 0 400.000000 0.431818 -451.098619 10.866780 -0.000000 0.609636 
 965 0 400.000000 0.422222 -438.682665 10.631442 0.000000 0.531848 
 966 0 400.000000 0.409091 -425.101054 10.311646 -0.000000 0.633141 
 975 0 400.000000 0.415730 -431.898510 10.481672 -0.000000 0.205436 
 976 0 400.000000 0.436782 -456.884169 10.983562 -0.000000 0.923030 
 977 0 400.000000 0.422222 -438.797337 10.640360 0.000000 0.482245 
 980 0 400.000000 0.409091 -425.131105 10.320738 -0.000000 0.606042 
 985 0 400.000000 0.431818 -450.967686 10.863961 -0.000000 0.194109 
 986 0 400.000000 0.441860 -462.663269 11.134999 -0.000000 1.433473 
 990 0 400.000000 0.433333 -450.795550 10.939199 -0.000000 0.746775 
 991 0 400.000000 0.423913 -439.202442 10.655987 0.000000 0.506635 
 994 1 400.000000 0.430108 -445.940753 10.847886 0.000000 -0.169453 
 995 0 400.000000 0.447917 -464.666415 11.266490 0.000000 0.518212 
 997 0 400.000000 0.404494 -419.257409 10.193403 -0.000000 1.419448 
 1004 0 400.000000 0.423913 -439.685076 10.682850 -0.000000 0.501619 
 1013 0 400.000000 0.434783 -451.999989 10.968472 -0.000000 0.521442 
 1015 0 400.000000 0.430108 -446.347194 10.825672 0.000000 0.153371 
 1017 0 400.000000 0.411111 -426.273762 10.361072 -0.000000 1.180506 
 1020 0 400.000000 0.417582 -433.073828 10.533351 -0.000000 0.728546 
 1029 1 400.000000 0.436170 -452.178010 10.999848 0.000000 -0.176477 
 1032 0 400.000000 0.445652 -463.918775 11.229624 -0.000000 1.017986 
 1034 0 400.000000 0.430108 -445.825824 10.831898 -0.000000 1.200078 
 1038 0 400.000000 0.450549 -469.644451 11.367179 -0.000000 0.903079 
 1039 0 400.000000 0.442105 -458.588184 11.151382 0.000000 0.361798 
 1040 0 400.000000 0.430108 -445.735449 10.823116 -0.000000 0.346708 
 1042 1 400.000000 0.430108 -445.518100 10.866602 -0.000000 -0.057114 
 1043 0 400.000000 0.439560 -457.459958 11.056472 -0.000000 0.643743 
 1044 0 400.000000 0.434783 -451.819876 10.948717 -0.000000 0.186809 
 1045 0 400.000000 0.434783 -451.383761 10.986804 -0.000000 0.241851 
 1046 0 400.000000 0.442105 -458.328126 11.150831 0.000000 0.404744 
 1050 0 400.000000 0.423913 -439.127707 10.668346 -0.000000 0.455876 
 1051 0 400.000000 0.417582 -432.585552 10.516637 -0.000000 1.663399 
 1052 1 400.000000 0.425532 -439.682568 10.744197 0.000000 -0.126170 
 1053 0 400.000000 0.419355 -433.728969 10.575508 -0.000000 0.200479 
 1054 0 400.000000 0.425532 -439.823491 10.726296 0.000000 0.771545 
 1056 0 400.000000 0.406593 -420.297245 10.252012 -0.000000 1.030520 
 1059 0 400.000000 0.419355 -433.680015 10.575954 -0.000000 0.256172 
 1061 0 400.000000 0.400000 -413.450981 10.086696 -0.000000 1.006214 
 1070 0 400.000000 0.402174 -415.317925 10.143294 -0.000000 1.458706 
 1071 0 400.000000 0.418367 -429.484654 10.543321 0.000000 0.181010 
 1081 0 400.000000 0.408602 -421.610604 10.288193 -0.000000 0.859175 
 1082 0 400.000000 0.427083 -441.148925 10.775406 0.000000 0.438579 
 1085 0 400.000000 0.427083 -440.914622 10.752367 0.000000 0.281764 
 1087 0 400.000000 0.427083 -440.154679 10.779274 0.000000 0.569914 
 1088 0 400.000000 0.408602 -421.699560 10.304031 -0.000000 0.654712 
 1089 0 400.000000 0.445652 -464.306930 11.218762 -0.000000 0.605652 
 1097 1 400.000000 0.422680 -435.559528 10.658805 0.000000 -0.062328 
 1099 0 400.000000 0.427083 -440.012855 10.750714 -0.000000 0.918549 
 1100 0 400.000000 0.422680 -435.738910 10.642062 0.000000 0.106605 
 1102 0 400.000000 0.422680 -434.703704 10.666856 0.000000 0.352095 
 1103 0 400.000000 0.427083 -440.434606 10.770880 -0.000000 0.430896 
 1107 0 400.000000 0.414141 -424.094687 10.459398 0.000000 0.118486 
 1114 0 400.000000 0.428571 -440.543117 10.821859 0.000000 1.032409 
 1115 0 400.000000 0.410526 -422.354751 10.358300 -0.000000 0.606462 
 1117 0 400.000000 0.418367 -429.422891 10.565836 0.000000 0.178565 
 1119 0 400.000000 0.414141 -423.457645 10.444340 0.000000 0.045089 
 1128 0 400.000000 0.418367 -429.339749 10.537692 0.000000 0.492079 
 1129 0 400.000000 0.414141 -424.154743 10.441092 0.000000 0.096882 
 1130 0 400.000000 0.422680 -434.879480 10.677038 0.000000 0.360941 
 1131 0 400.000000 0.422680 -434.807645 10.659409 0.000000 0.341646 
 1135 0 400.000000 0.397849 -409.479944 10.033067 -0.000000 1.582028 
 1137 0 400.000000 0.410526 -422.829855 10.344008 -0.000000 0.752238 
 1140 0 400.000000 0.427083 -440.255916 10.768151 -0.000000 0.225991 
 1141 0 400.000000 0.431579 -446.400186 10.879722 -0.000000 0.572295 
 1143 0 400.000000 0.397849 -409.679190 10.018870 -0.000000 1.188534 
 1147 0 400.000000 0.431579 -446.254570 10.874844 -0.000000 0.609229 
 1157 0 400.000000 0.427083 -440.556358 10.782713 -0.000000 0.382948 
 1161 0 400.000000 0.431579 -445.871523 10.884616 -0.000000 1.068207 
 1166 1 400.000000 0.415842 -425.090464 10.494567 0.000000 -0.068493 
 1167 0 400.000000 0.411765 -419.778964 10.391181 0.000000 0.553284 
 1169 0 400.000000 0.391753 -400.086901 9.896366 -0.000000 1.827089 
 1176 0 400.000000 0.410000 -418.809830 10.355433 -0.000000 0.266375 
 1180 0 400.000000 0.420000 -429.805635 10.617111 -0.000000 0.755737 
 1197 0 400.000000 0.415842 -425.171259 10.506760 0.000000 0.948906 
 1198 0 400.000000 0.404040 -413.323193 10.184982 -0.000000 0.496335 
 1201 0 400.000000 0.391753 -400.807806 9.891965 -0.000000 0.946753 
 1208 0 400.000000 0.424242 -435.651373 10.710339 -0.000000 0.650661 
 1211 0 400.000000 0.415842 -425.421140 10.492897 0.000000 0.604928 
 1216 0 400.000000 0.409524 -415.846105 10.323115 0.000000 0.418206 
 1220 0 400.000000 0.423077 -431.602393 10.645567 0.000000 0.269559 
 1223 0 400.000000 0.400000 -407.910602 10.076101 -0.000000 0.578959 
 1225 0 400.000000 0.393939 -401.491637 9.949847 -0.000000 1.237185 
 1229 0 400.000000 0.421569 -431.108924 10.624964 -0.000000 0.289355 
 1231 0 400.000000 0.413462 -420.408678 10.457343 0.000000 0.293852 
 1232 0 400.000000 0.393939 -401.833923 9.944763 -0.000000 1.705487 
 1237 0 400.000000 0.425743 -435.738948 10.739327 -0.000000 0.336377 
 1238 1 400.000000 0.413462 -420.498378 10.453153 0.000000 -0.019430 
 1243 0 400.000000 0.407407 -411.342264 10.300358 0.000000 0.140413 
 1244 0 400.000000 0.409524 -415.067398 10.344293 -0.000000 0.317311 
 1246 0 400.000000 0.423077 -430.774834 10.689179 -0.000000 0.397313 
 1248 0 400.000000 0.423077 -430.450016 10.689590 -0.000000 1.137754 
 1252 0 400.000000 0.403846 -409.696160 10.197618 -0.000000 1.148468 
 1254 0 400.000000 0.412844 -416.433113 10.432014 0.000000 0.491580 
 1256 0 400.000000 0.394231 -398.668382 9.962902 -0.000000 1.881925 
 1260 0 400.000000 0.403670 -406.951758 10.219709 -0.000000 1.506876 
 1264 0 400.000000 0.429825 -433.215078 10.855783 0.000000 0.381536 
 1265 0 400.000000 0.431193 -437.097654 10.882952 -0.000000 0.823596 
 1268 0 400.000000 0.415929 -417.812948 10.497621 0.000000 0.445179 
 1269 1 400.000000 0.415929 -418.506261 10.511455 0.000000 -0.112818 
 1271 0 400.000000 0.419643 -423.155233 10.619044 -0.000000 0.444692 
 1272 0 400.000000 0.415929 -418.327857 10.503855 0.000000 0.206347 
 1279 0 400.000000 0.423423 -427.606279 10.723998 -0.000000 0.660086 
 1280 0 400.000000 0.410714 -413.396500 10.359601 -0.000000 0.461928 
 1282 0 400.000000 0.423423 -427.541997 10.724055 -0.000000 0.267675 
 1284 0 400.000000 0.415929 -418.525086 10.513442 0.000000 1.047279 
 1289 0 400.000000 0.423423 -427.435288 10.704264 -0.000000 0.758869 
 1292 0 400.000000 0.415929 -418.092513 10.515288 0.000000 0.326982 
 1296 0 400.000000 0.400000 -402.319329 10.108843 -0.000000 0.713007 
 1297 0 400.000000 0.423423 -427.771888 10.692754 -0.000000 0.781732 
 1301 0 400.000000 0.394495 -396.897251 9.962005 -0.000000 0.475670 
 1303 0 400.000000 0.394495 -396.652661 9.974643 -0.000000 2.010619 
 1306 1 400.000000 0.405172 -403.965220 10.239678 0.000000 0.011942 
 1311 0 400.000000 0.400000 -398.974571 10.126999 -0.000000 0.439026 
 1313 0 400.000000 0.400000 -398.825518 10.118255 -0.000000 0.294318 
 1314 0 400.000000 0.401709 -399.786172 10.145700 0.000000 0.228268 
 1315 0 400.000000 0.405172 -404.041161 10.265579 0.000000 0.123722 
 1317 0 400.000000 0.400000 -399.138119 10.107131 -0.000000 0.315328 
 1320 0 400.000000 0.408696 -408.540440 10.347260 -0.000000 0.343894 
 1322 0 400.000000 0.383929 -383.583206 9.707776 -0.000000 1.676116 
 1323 0 400.000000 0.400000 -399.117938 10.097458 -0.000000 0.330485 
 1329 0 400.000000 0.394737 -394.164773 9.974244 -0.000000 0.938798 
 1331 0 400.000000 0.394737 -394.025307 9.982986 -0.000000 0.550626 
 1333 0 400.000000 0.408696 -408.838281 10.334530 -0.000000 0.585590 
 1335 0 400.000000 0.405172 -403.874490 10.263591 0.000000 0.375950 
 1338 0 400.000000 0.405172 -404.908944 10.254112 0.000000 0.349168 
 1340 1 400.000000 0.394958 -391.748502 9.991932 0.000000 -0.146193 
 1342 0 400.000000 0.389831 -386.245221 9.865452 -0.000000 0.455975 
 1347 0 400.000000 0.391667 -387.028252 9.927617 0.000000 0.026724 
 1358 0 400.000000 0.394958 -391.397014 10.000695 0.000000 0.390844 
 1361 0 400.000000 0.394958 -391.049919 10.005810 0.000000 0.479845 
 1375 0 400.000000 0.400000 -396.196770 10.131364 0.000000 0.144396 
 1378 0 400.000000 0.388430 -382.681268 9.826250 0.000000 0.612210 
 1381 0 400.000000 0.398305 -395.880750 10.075420 -0.000000 0.146294 
 1387 0 400.000000 0.379310 -375.963164 9.614458 -0.000000 1.047188 
 1388 0 400.000000 0.398305 -395.293176 10.091022 -0.000000 0.340569 
 1389 1 400.000000 0.388430 -382.882569 9.831879 0.000000 -0.051807 
 1390 0 400.000000 0.394958 -392.003373 9.987864 -0.000000 0.263798 
 1391 0 400.000000 0.394958 -391.097569 10.001915 -0.000000 0.669982 
 1392 0 400.000000 0.378151 -372.738778 9.587826 -0.000000 0.715184 
 1394 0 400.000000 0.385246 -379.202983 9.750499 0.000000 0.075619 
 1396 0 400.000000 0.383333 -378.256789 9.708934 -0.000000 0.466517 
 1397 0 400.000000 0.385246 -378.996900 9.752295 0.000000 0.246989 
 1403 0 400.000000 0.385246 -378.659504 9.761325 -0.000000 0.507540 
 1409 0 400.000000 0.390244 -383.814698 9.886712 0.000000 0.229711 
 1411 0 400.000000 0.380165 -374.342435 9.629203 -0.000000 0.961289 
 1417 0 400.000000 0.393443 -387.857282 9.980278 -0.000000 0.320803 
 1425 0 400.000000 0.385246 -379.112850 9.775833 -0.000000 1.629782 
 1427 0 400.000000 0.393443 -387.674205 9.952934 -0.000000 0.425516 
 1431 0 400.000000 0.385246 -378.782985 9.784740 -0.000000 0.365343 
 1433 0 400.000000 0.393443 -387.794241 9.946099 -0.000000 0.552618 
 1434 0 400.000000 0.390244 -383.316964 9.891166 0.000000 0.373197 
 1435 0 400.000000 0.369748 -363.387106 9.386448 -0.000000 1.406759 
 1443 0 400.000000 0.392000 -383.983126 9.950078 0.000000 0.508931 
 1445 0 400.000000 0.382114 -374.720997 9.665268 -0.000000 0.826001 
 1457 0 400.000000 0.387097 -379.622564 9.798982 -0.000000 0.602660 
 1461 1 400.000000 0.396825 -389.712855 10.055506 0.000000 0.072207 
 1463 0 400.000000 0.392000 -384.795633 9.934960 -0.000000 0.395767 
 1465 0 400.000000 0.392000 -384.458912 9.936985 -0.000000 0.415590 
 1466 0 400.000000 0.409836 -405.868427 10.386052 -0.000000 0.791304 
 1472 0 400.000000 0.396825 -389.582273 10.044939 0.000000 0.560293 
 1473 0 400.000000 0.396825 -389.238548 10.063596 0.000000 0.356385 
 1474 0 400.000000 0.390625 -381.698187 9.895103 0.000000 0.325427 
 1475 0 400.000000 0.382114 -375.407044 9.673716 -0.000000 0.897959 
 1476 0 400.000000 0.396825 -389.315940 10.057229 0.000000 0.797461 
 1478 0 400.000000 0.400000 -393.533103 10.134573 -0.000000 0.522991 
 1479 0 400.000000 0.393701 -385.560338 9.973138 0.000000 0.376741 
 1480 0 400.000000 0.377049 -370.485739 9.537178 -0.000000 1.832681 
 1483 0 400.000000 0.403226 -397.411567 10.211192 -0.000000 0.465463 
 1488 0 400.000000 0.392000 -385.122524 9.914008 -0.000000 0.538047 
 1490 0 400.000000 0.400000 -393.472947 10.133201 -0.000000 0.333978 
 1495 0 400.000000 0.400000 -393.473170 10.123922 -0.000000 0.214807 
 1496 0 400.000000 0.396825 -389.687147 10.053053 0.000000 0.620166 
 1497 0 400.000000 0.387097 -380.007953 9.811575 -0.000000 0.794955 
 1501 0 400.000000 0.403226 -397.451516 10.215057 -0.000000 0.611295 
 1512 0 400.000000 0.401575 -393.509645 10.173642 -0.000000 0.534471 
 1514 0 400.000000 0.388889 -380.595529 9.860098 -0.000000 0.588063 
 1518 0 400.000000 0.401575 -394.306029 10.176025 -0.000000 0.387218 
 1521 0 400.000000 0.401575 -393.787479 10.181626 -0.000000 0.440351 
 1522 0 400.000000 0.401575 -394.134706 10.172952 -0.000000 0.178677 
 1524 0 400.000000 0.389313 -378.273331 9.848972 0.000000 0.168595 
 1525 0 400.000000 0.401575 -394.060017 10.179343 -0.000000 0.402942 
 1527 0 400.000000 0.393701 -385.796462 9.957796 -0.000000 0.320803 
 1529 0 400.000000 0.401575 -394.094799 10.184116 -0.000000 0.250342 
 1531 0 400.000000 0.404762 -398.619026 10.246908 -0.000000 0.308967 
 1532 0 400.000000 0.395349 -386.406372 10.014798 0.000000 0.114410 
 1535 0 400.000000 0.408000 -402.474624 10.331586 -0.000000 0.641068 
 1541 0 400.000000 0.401575 -394.424759 10.157250 -0.000000 0.412417 
 1543 0 400.000000 0.393701 -385.989077 9.974874 -0.000000 0.368483 
 1547 0 400.000000 0.393701 -385.543397 9.982782 -0.000000 0.207898 
 1551 0 400.000000 0.401575 -394.062265 10.178748 -0.000000 0.242472 
 1554 0 400.000000 0.384000 -375.797565 9.733287 -0.000000 0.762348 
 1555 0 400.000000 0.401575 -394.143951 10.158732 -0.000000 0.194531 
 1557 0 400.000000 0.395349 -385.805978 10.029602 0.000000 0.163963 
 1558 0 400.000000 0.393701 -385.255071 9.953836 -0.000000 0.443247 
 1561 0 400.000000 0.401575 -393.313872 10.155299 -0.000000 0.991694 
 1565 0 400.000000 0.384000 -375.222391 9.751615 -0.000000 1.015925 
 1566 0 400.000000 0.398438 -389.580868 10.110816 0.000000 0.387334 
 1567 1 400.000000 0.392308 -382.011763 9.916485 0.000000 -0.138783 
 1571 0 400.000000 0.395349 -385.963243 10.023147 -0.000000 0.254455 
 1572 0 400.000000 0.382812 -372.591432 9.716458 -0.000000 0.846636 
 1574 0 400.000000 0.387597 -377.522484 9.832273 -0.000000 0.483123 
 1579 0 400.000000 0.395349 -386.253335 10.006380 -0.000000 0.254045 
 1580 0 400.000000 0.377953 -368.098405 9.582949 -0.000000 0.888480 
 1592 0 400.000000 0.393939 -382.919143 9.977116 0.000000 0.459200 
 1599 0 400.000000 0.389313 -378.398987 9.847912 -0.000000 0.413335 
 1600 1 400.000000 0.388060 -375.700284 9.846383 0.000000 -0.033096 
 1604 0 400.000000 0.392593 -379.550951 9.953739 -0.000000 0.442269 
 1608 0 400.000000 0.398496 -387.102297 10.112738 -0.000000 0.868456 
 1609 0 400.000000 0.389706 -376.460937 9.865817 0.000000 0.690719 
 1610 0 400.000000 0.398496 -387.682140 10.098896 -0.000000 0.635489 
 1618 0 400.000000 0.385185 -371.937120 9.759886 -0.000000 0.463635 
 1626 0 400.000000 0.380597 -367.125999 9.665725 -0.000000 0.444728 
 1629 0 400.000000 0.386861 -372.023599 9.841180 0.000000 0.227206 
 1630 0 400.000000 0.395522 -383.276158 10.035715 -0.000000 0.446945 
 1633 0 400.000000 0.392593 -379.111570 9.972931 -0.000000 0.603184 
 1640 0 400.000000 0.385185 -371.093963 9.769423 -0.000000 0.558205 
 1647 0 400.000000 0.394161 -380.193279 9.992895 -0.000000 0.158514 
 1648 0 400.000000 0.382353 -368.036273 9.687288 -0.000000 0.889902 
 1649 0 400.000000 0.386861 -372.461152 9.808924 -0.000000 0.570322 
 1652 0 400.000000 0.395683 -381.344483 10.028577 -0.000000 0.123707 
 1655 0 400.000000 0.395683 -381.061987 10.034889 -0.000000 0.246114 
 1658 0 400.000000 0.392857 -377.741193 9.953885 0.000000 0.779124 
 1659 0 400.000000 0.395683 -380.964801 10.035625 -0.000000 0.288298 
 1661 0 400.000000 0.390071 -373.783217 9.893497 0.000000 0.083237 
 1664 0 400.000000 0.388489 -373.350519 9.854960 -0.000000 0.917566 
 1667 0 400.000000 0.392857 -377.289116 9.952636 0.000000 0.612237 
 1669 0 400.000000 0.384058 -369.158582 9.737039 -0.000000 1.111269 
 1673 0 400.000000 0.388489 -373.174255 9.863506 -0.000000 0.648687 
 1674 0 400.000000 0.398551 -384.585750 10.107169 -0.000000 0.285470 
 1678 0 400.000000 0.388489 -373.157432 9.846146 -0.000000 1.235492 
 1684 0 400.000000 0.390071 -373.064790 9.898501 0.000000 0.331964 
 1689 0 400.000000 0.390071 -373.085415 9.901977 0.000000 0.139899 
 1692 1 400.000000 0.388489 -372.696366 9.876053 -0.000000 0.036521 
 1696 0 400.000000 0.375000 -359.542294 9.523181 -0.000000 1.174901 
 1698 0 400.000000 0.388489 -372.790152 9.864273 0.000000 0.511459 
 1703 0 400.000000 0.384058 -368.784208 9.732097 -0.000000 0.703427 
 1705 0 400.000000 0.391304 -375.772006 9.952758 -0.000000 0.324186 
 1707 0 400.000000 0.379562 -364.249191 9.616677 -0.000000 0.651476 
 1708 0 400.000000 0.379562 -364.302233 9.630594 -0.000000 0.711146 
 1711 0 400.000000 0.391304 -376.497542 9.923433 -0.000000 0.203260 
 1713 0 400.000000 0.384058 -368.383219 9.760475 -0.000000 0.431628 
 1714 0 400.000000 0.388489 -372.875948 9.870908 0.000000 0.224824 
 1715 0 400.000000 0.384058 -368.947292 9.721921 -0.000000 0.546070 
 1722 0 400.000000 0.391304 -376.827232 9.926409 -0.000000 0.326672 
 1723 0 400.000000 0.385714 -369.484159 9.766084 0.000000 0.414322 
 1724 0 400.000000 0.384058 -368.792042 9.755646 -0.000000 0.303367 
 1725 0 400.000000 0.397059 -384.002639 10.085163 -0.000000 0.751981 
 1729 0 400.000000 0.384058 -368.847374 9.727339 -0.000000 0.232908 
 1731 0 400.000000 0.391304 -376.795146 9.936377 -0.000000 0.144706 
 1738 0 400.000000 0.392857 -377.462920 9.961017 0.000000 0.376749 
 1740 0 400.000000 0.375000 -360.283107 9.515685 -0.000000 1.216843 
 1743 0 400.000000 0.379562 -364.690407 9.638722 -0.000000 1.123964 
 1748 0 400.000000 0.379562 -364.360905 9.658403 -0.000000 0.812939 
 1750 1 400.000000 0.385714 -369.465619 9.776161 0.000000 0.001594 
 1751 0 400.000000 0.394161 -380.145551 10.022394 -0.000000 0.816426 
 1758 0 400.000000 0.372263 -356.422391 9.453401 -0.000000 1.441206 
 1760 0 400.000000 0.390071 -373.305452 9.912508 -0.000000 0.098569 
 1761 0 400.000000 0.390071 -373.056476 9.911397 -0.000000 0.470281 
 1763 0 400.000000 0.374101 -357.534084 9.490132 -0.000000 1.080179 
 1766 0 400.000000 0.390071 -373.354373 9.884348 -0.000000 0.405926 
 1767 0 400.000000 0.378571 -361.525705 9.600677 -0.000000 0.408936 
 1769 0 400.000000 0.392857 -376.398909 9.977726 -0.000000 0.804424 
 1781 0 400.000000 0.387324 -370.063312 9.817510 0.000000 0.082131 
 1792 0 400.000000 0.384615 -366.545885 9.776454 0.000000 0.130350 
 1793 0 400.000000 0.391608 -374.882645 9.910914 0.000000 0.079624 
 1799 0 400.000000 0.382979 -366.217002 9.717467 -0.000000 0.579851 
 1803 0 400.000000 0.382979 -366.357260 9.729687 -0.000000 0.391314 
 1812 0 400.000000 0.382979 -366.195239 9.718702 -0.000000 0.460526 
 1814 0 400.000000 0.390071 -373.690904 9.892031 -0.000000 0.232910 
 1815 0 400.000000 0.382979 -365.853995 9.724556 -0.000000 0.915142 
 1816 0 400.000000 0.387324 -369.607171 9.846395 0.000000 0.217915 
 1817 0 400.000000 0.387324 -370.165296 9.818663 0.000000 0.244559 
 1829 0 400.000000 0.380282 -362.077198 9.650808 -0.000000 0.945677 
 1833 0 400.000000 0.384615 -366.232882 9.767061 -0.000000 0.483649 
 1837 0 400.000000 0.393103 -374.662422 9.978783 -0.000000 0.335952 
 1840 0 400.000000 0.390411 -370.955071 9.909143 0.000000 0.125410 
 1841 0 400.000000 0.387755 -367.651358 9.827682 0.000000 0.268437 
 1851 0 400.000000 0.393103 -374.941151 9.973868 -0.000000 0.271661 
 1852 0 400.000000 0.382550 -360.804839 9.715843 0.000000 0.203757 
 1854 0 400.000000 0.390411 -371.035046 9.899860 0.000000 0.380641 
 1859 0 400.000000 0.393103 -374.799359 9.996140 -0.000000 0.343107 
 1861 0 400.000000 0.386207 -367.436790 9.795926 -0.000000 0.850797 
 1867 0 400.000000 0.393103 -374.771345 9.981431 -0.000000 0.263079 
 1868 0 400.000000 0.395833 -378.197881 10.038759 -0.000000 0.428863 
 1873 0 400.000000 0.387755 -367.343742 9.839173 0.000000 0.584670 
 1875 0 400.000000 0.393103 -374.752592 9.973109 -0.000000 0.319103 
 1879 0 400.000000 0.386207 -367.706977 9.792309 -0.000000 0.268279 
 1881 0 400.000000 0.393103 -374.574537 9.986316 -0.000000 0.377385 
 1884 0 400.000000 0.377622 -359.385537 9.576733 -0.000000 1.329510 
 1889 0 400.000000 0.390411 -371.135209 9.926509 0.000000 0.460116 
 1890 0 400.000000 0.390411 -371.548872 9.889943 0.000000 0.292916 
 1894 0 400.000000 0.395833 -378.029593 10.072342 -0.000000 0.361784 
 1895 0 400.000000 0.386207 -367.132975 9.800272 -0.000000 0.537923 
 1901 0 400.000000 0.390411 -371.029481 9.931931 0.000000 0.242777 
 1904 0 400.000000 0.377622 -359.068788 9.593091 -0.000000 1.050066 
 1906 0 400.000000 0.393103 -374.390923 9.980271 -0.000000 0.337741 
 1908 1 400.000000 0.387755 -367.269877 9.850916 0.000000 0.004426 
 1909 0 400.000000 0.387755 -367.430541 9.837278 0.000000 0.265203 
 1912 0 400.000000 0.375000 -355.769603 9.524297 -0.000000 1.309499 
 1913 0 400.000000 0.390411 -370.928002 9.917152 -0.000000 0.123880 
 1917 0 400.000000 0.391892 -371.679212 9.943832 -0.000000 0.286106 
 1918 0 400.000000 0.391892 -371.766131 9.955348 -0.000000 0.114274 
 1919 0 400.000000 0.391892 -371.535650 9.958813 -0.000000 0.049379 
 1923 0 400.000000 0.385135 -363.961574 9.785404 -0.000000 0.489699 
 1927 0 400.000000 0.391892 -371.512907 9.945612 -0.000000 0.361775 
 1930 0 400.000000 0.385135 -364.521510 9.769341 -0.000000 0.421305 
 1931 0 400.000000 0.376712 -356.847491 9.569030 -0.000000 1.330722 
 1932 0 400.000000 0.391892 -371.988458 9.953511 -0.000000 0.321791 
 1933 1 400.000000 0.391892 -372.019643 9.946457 -0.000000 0.032820 
 1935 0 400.000000 0.394558 -375.623277 10.018820 -0.000000 0.167551 
 1939 0 400.000000 0.394558 -375.524903 9.993881 -0.000000 0.319903 
 1943 0 400.000000 0.379310 -359.946787 9.635409 -0.000000 1.363907 
 1953 0 400.000000 0.389262 -368.497814 9.875311 0.000000 0.102489 
 1956 0 400.000000 0.391892 -371.581155 9.948722 0.000000 0.383819 
 1957 0 400.000000 0.394558 -375.303402 10.028614 -0.000000 0.185659 
 1961 1 400.000000 0.389262 -368.241689 9.899619 0.000000 -0.002658 
 1966 0 400.000000 0.380952 -360.491089 9.671521 -0.000000 0.767140 
 1967 0 400.000000 0.394558 -375.110513 10.022507 -0.000000 0.391668 
 1971 0 400.000000 0.380952 -360.377895 9.691027 -0.000000 0.865642 
 1972 0 400.000000 0.385135 -364.350410 9.780206 -0.000000 0.684651 
 1978 0 400.000000 0.385135 -364.492499 9.794956 -0.000000 0.311793 
 1979 0 400.000000 0.389262 -367.966564 9.894294 0.000000 0.472025 
 1980 0 400.000000 0.391892 -371.690270 9.954774 -0.000000 0.257918 
 1984 0 400.000000 0.376712 -356.447308 9.565237 -0.000000 1.054630 
 1988 0 400.000000 0.386667 -364.540446 9.826972 0.000000 0.249997 
 1989 0 400.000000 0.376712 -356.695575 9.569614 -0.000000 1.174640 
 1991 0 400.000000 0.394558 -375.651400 10.005890 -0.000000 0.278605 
 1992 0 400.000000 0.380952 -360.899320 9.680866 -0.000000 0.818269 
 1995 0 400.000000 0.391892 -372.102452 9.933610 -0.000000 0.136917 
 1999 0 400.000000 0.389262 -368.504389 9.886362 0.000000 0.506957 
 2006 0 400.000000 0.385135 -364.769019 9.758876 -0.000000 0.479684 
 2009 0 400.000000 0.391892 -372.179828 9.931792 -0.000000 0.181128 
 2010 0 400.000000 0.385135 -364.973541 9.780804 -0.000000 0.526839 
 2019 0 400.000000 0.380952 -360.712054 9.663941 -0.000000 0.673077 
 2026 0 400.000000 0.385135 -364.305592 9.805367 -0.000000 0.466535 
 2028 0 400.000000 0.391892 -371.685953 9.920927 -0.000000 0.198371 
 2031 0 400.000000 0.393333 -372.175405 9.999255 0.000000 0.043222 
 2034 0 400.000000 0.385135 -364.496542 9.789975 -0.000000 0.294917 
 2035 0 400.000000 0.391892 -371.761196 9.969894 -0.000000 0.290765 
 2036 0 400.000000 0.385135 -364.483998 9.774260 -0.000000 1.200378 
 2037 0 400.000000 0.385135 -364.386607 9.768524 -0.000000 1.077294 
 2040 0 400.000000 0.391892 -371.537840 9.961954 -0.000000 0.301627 
 2042 0 400.000000 0.385135 -364.504561 9.766298 -0.000000 0.472784 
 2043 0 400.000000 0.376712 -356.548239 9.553950 -0.000000 1.346512 
 2048 0 400.000000 0.394558 -375.283190 10.025911 -0.000000 0.411208 
 2049 0 400.000000 0.386667 -364.623141 9.820570 0.000000 0.204860 
 2051 1 400.000000 0.386667 -364.655161 9.805910 0.000000 0.017870 
 2052 0 400.000000 0.384106 -361.576016 9.754938 0.000000 0.388629 
 2053 0 400.000000 0.384106 -361.121740 9.775457 0.000000 0.515911 
 2058 0 400.000000 0.388158 -365.260050 9.875421 -0.000000 0.312449 
 2061 0 400.000000 0.384106 -361.764377 9.755032 -0.000000 1.016964 
 2062 0 400.000000 0.395973 -375.217828 10.074716 -0.000000 0.928291 
 2066 0 400.000000 0.388158 -365.408354 9.866728 0.000000 0.344889 
 2068 0 400.000000 0.390728 -369.186446 9.921378 -0.000000 0.369510 
 2069 0 400.000000 0.380000 -357.976467 9.661165 -0.000000 0.668940 
 2072 0 400.000000 0.385621 -362.177225 9.808062 0.000000 0.016755 
 2076 0 400.000000 0.385621 -362.184629 9.806599 0.000000 0.591058 
 2084 1 400.000000 0.385621 -362.696039 9.785620 0.000000 -0.057868 
 2085 0 400.000000 0.385621 -361.748250 9.790949 0.000000 0.399143 
 2087 0 400.000000 0.377483 -354.448945 9.593556 -0.000000 0.725101 
 2093 0 400.000000 0.385621 -361.811020 9.804324 0.000000 0.351175 
 2094 0 400.000000 0.381579 -358.186412 9.678007 -0.000000 0.371191 
 2098 0 400.000000 0.388158 -364.994338 9.876422 -0.000000 0.268576 
 2106 0 400.000000 0.377483 -354.446686 9.592953 -0.000000 0.703480 
 2109 0 400.000000 0.388158 -365.133436 9.884297 -0.000000 0.214949 
 2110 0 400.000000 0.381579 -358.333445 9.687049 -0.000000 1.465074 
 2116 0 400.000000 0.390728 -368.557822 9.926604 -0.000000 0.398211 
 2118 0 400.000000 0.388158 -365.587887 9.865189 -0.000000 0.255823 
 2122 0 400.000000 0.393333 -371.914989 9.999332 -0.000000 0.753945 
 2127 0 400.000000 0.373333 -350.591862 9.486468 -0.000000 1.299055 
 2128 0 400.000000 0.373333 -351.112785 9.493752 -0.000000 1.111352 
 2137 0 400.000000 0.385621 -362.020238 9.803540 0.000000 0.469321 
 2138 0 400.000000 0.388158 -365.470390 9.850083 -0.000000 0.119149 
 2139 0 400.000000 0.388158 -365.925284 9.858193 -0.000000 0.182951 
 2147 0 400.000000 0.373333 -350.650824 9.499970 -0.000000 1.283628 
 2151 0 400.000000 0.388158 -365.276290 9.851165 -0.000000 0.236620 
 2162 0 400.000000 0.383117 -358.653404 9.729193 -0.000000 0.537255 
 2165 1 400.000000 0.384615 -359.368166 9.782464 0.000000 0.009304 
 2167 0 400.000000 0.384615 -359.273081 9.772925 0.000000 0.700526 
 2169 0 400.000000 0.392157 -368.746872 9.979776 -0.000000 0.698464 
 2171 0 400.000000 0.389610 -365.445284 9.905993 -0.000000 0.373064 
 2172 0 400.000000 0.380645 -355.462611 9.689394 -0.000000 1.105541 
 2174 0 400.000000 0.384615 -359.402245 9.768882 0.000000 0.121612 
 2177 0 400.000000 0.380645 -356.079901 9.662505 -0.000000 0.388814 
 2180 0 400.000000 0.392157 -369.087759 9.973287 -0.000000 0.915215 
 2183 0 400.000000 0.387097 -362.428231 9.851707 -0.000000 0.309681 
 2186 0 400.000000 0.384615 -359.365832 9.767585 0.000000 0.254943 
 2198 0 400.000000 0.383648 -356.621220 9.749149 0.000000 0.343367 
 2199 0 400.000000 0.391026 -366.008006 9.946801 -0.000000 0.402653 
 2207 0 400.000000 0.386076 -360.034494 9.815285 0.000000 0.094371 
 2209 0 400.000000 0.378205 -352.547737 9.612713 -0.000000 1.111854 
 2216 0 400.000000 0.383648 -356.466287 9.744321 0.000000 0.136886 
 2217 0 400.000000 0.391026 -365.937323 9.956778 -0.000000 0.456295 
 2219 0 400.000000 0.382166 -355.846510 9.697929 -0.000000 0.867806 
 2220 0 400.000000 0.388535 -362.467360 9.899299 -0.000000 0.424347 
 2222 0 400.000000 0.382166 -356.112889 9.714034 -0.000000 0.937845 
 2226 0 400.000000 0.386076 -359.056664 9.821153 0.000000 0.195912 
 2227 0 400.000000 0.393750 -366.303567 10.044352 0.000000 0.428812 
 2228 1 400.000000 0.382166 -355.457886 9.704155 -0.000000 -0.006901 
 2232 0 400.000000 0.386076 -359.432426 9.826732 0.000000 0.957973 
 2235 0 400.000000 0.386076 -359.356236 9.820204 0.000000 0.392686 
 2245 0 400.000000 0.391026 -366.018386 9.949996 -0.000000 0.456640 
 2248 0 400.000000 0.386076 -359.452860 9.839804 -0.000000 0.392849 
 2250 0 400.000000 0.375796 -349.074363 9.534642 -0.000000 0.976828 
 2251 0 400.000000 0.388535 -362.842528 9.892384 -0.000000 0.534769 
 2252 0 400.000000 0.387500 -360.151095 9.854609 0.000000 0.440143 
 2253 0 400.000000 0.375796 -349.245311 9.552713 -0.000000 0.671322 
 2257 0 400.000000 0.386076 -359.515510 9.832356 -0.000000 0.242986 
 2265 0 400.000000 0.388535 -362.659440 9.894026 -0.000000 0.519299 
 2266 1 400.000000 0.386076 -360.188586 9.816688 -0.000000 0.046140 
 2269 1 400.000000 0.383648 -356.709198 9.760316 0.000000 -0.107468 
 2270 0 400.000000 0.381250 -353.519219 9.689624 0.000000 0.145853 
 2272 0 400.000000 0.379747 -353.506812 9.660153 -0.000000 0.352312 
 2279 0 400.000000 0.383648 -357.320897 9.728946 0.000000 0.622098 
 2280 0 400.000000 0.386076 -359.664574 9.815931 -0.000000 0.168679 
 2282 0 400.000000 0.383648 -356.721102 9.752879 0.000000 0.336619 
 2286 0 400.000000 0.383648 -356.835231 9.746653 0.000000 0.822503 
 2290 0 400.000000 0.383648 -356.900531 9.760937 0.000000 0.541631 
 2291 0 400.000000 0.379747 -352.983349 9.664477 -0.000000 0.515501 
 2293 0 400.000000 0.386076 -359.855512 9.788006 -0.000000 0.149896 
 2295 0 400.000000 0.375796 -349.474152 9.574966 -0.000000 0.421657 
 2312 0 400.000000 0.385093 -356.397069 9.794815 0.000000 0.290597 
 2314 0 400.000000 0.377358 -349.514290 9.615263 -0.000000 0.947976 
 2315 0 400.000000 0.377358 -349.625371 9.616196 -0.000000 0.734825 
 2316 0 400.000000 0.381250 -353.196317 9.676146 -0.000000 0.530147 
 2319 0 400.000000 0.378882 -350.166621 9.617706 -0.000000 0.880280 
 2324 0 400.000000 0.391304 -363.202368 9.941593 -0.000000 0.734002 
 2326 0 400.000000 0.378882 -350.132004 9.644147 -0.000000 0.998325 
 2336 0 400.000000 0.388889 -360.264657 9.899524 -0.000000 0.092613 
 2342 0 400.000000 0.388889 -360.828917 9.898778 -0.000000 0.228192 
 2343 0 400.000000 0.378882 -350.037314 9.650719 -0.000000 0.615209 
 2344 0 400.000000 0.382716 -353.967857 9.729099 -0.000000 0.299496 
 2346 0 400.000000 0.382716 -354.265050 9.737193 -0.000000 0.469011 
 2350 0 400.000000 0.391304 -363.744689 9.950357 -0.000000 0.445502 
 2351 0 400.000000 0.388889 -360.954598 9.883764 -0.000000 0.248737 
 2355 0 400.000000 0.378882 -350.461042 9.633863 -0.000000 0.777078 
 2357 0 400.000000 0.386503 -357.223617 9.847939 0.000000 0.134567 
 2361 0 400.000000 0.386503 -357.293266 9.839528 0.000000 0.391799 
 2364 0 400.000000 0.388889 -360.508405 9.915323 -0.000000 0.300712 
 2370 0 400.000000 0.386503 -357.470290 9.831904 0.000000 0.385559 
 2372 1 400.000000 0.384146 -354.238962 9.765042 0.000000 -0.007153 
 2373 0 400.000000 0.376543 -347.428078 9.582422 -0.000000 1.025571 
 2374 1 400.000000 0.381818 -351.016295 9.723546 0.000000 -0.007558 
 2376 0 400.000000 0.378049 -347.838761 9.613494 -0.000000 0.281605 
 2378 0 400.000000 0.386503 -356.952302 9.851144 -0.000000 0.752954 
 2379 1 400.000000 0.385542 -354.422041 9.816174 0.000000 -0.029161 
 2380 0 400.000000 0.381818 -351.113260 9.707094 -0.000000 0.560951 
 2390 0 400.000000 0.381818 -351.093020 9.695918 -0.000000 0.482929 
 2393 0 400.000000 0.378049 -347.544881 9.609359 -0.000000 0.627586 
 2401 0 400.000000 0.385542 -354.650276 9.818262 0.000000 0.667149 
 2402 0 400.000000 0.378049 -347.831003 9.621930 -0.000000 1.023157 
 2405 0 400.000000 0.381818 -350.844178 9.728804 -0.000000 0.344353 
 2406 0 400.000000 0.390244 -360.851497 9.935334 -0.000000 0.538529 
 2409 0 400.000000 0.381818 -351.226993 9.724278 -0.000000 0.379328 
 2414 0 400.000000 0.381818 -351.603706 9.692511 -0.000000 0.602182 
 2415 0 400.000000 0.381818 -351.182274 9.699235 -0.000000 0.450603 
 2416 0 400.000000 0.378049 -347.954176 9.648468 -0.000000 0.999029 
 2419 0 400.000000 0.389222 -358.128840 9.914919 0.000000 0.030106 
 2420 0 400.000000 0.378049 -348.002387 9.627653 -0.000000 1.162318 
 2422 0 400.000000 0.381818 -351.336686 9.714111 -0.000000 0.358998 
 2424 0 400.000000 0.381818 -351.586848 9.728580 -0.000000 0.402885 
 2427 0 400.000000 0.389222 -358.172607 9.917566 0.000000 0.083398 
 2430 0 400.000000 0.385542 -354.696675 9.820900 0.000000 0.395229 
 2434 0 400.000000 0.385542 -354.527997 9.826866 0.000000 0.165871 
 2435 0 400.000000 0.380952 -348.451893 9.685414 0.000000 0.060388 
 2444 0 400.000000 0.378049 -347.650035 9.604392 -0.000000 0.670617 
 2448 0 400.000000 0.378049 -347.675258 9.633512 -0.000000 0.829675 
 2451 0 400.000000 0.381818 -350.544688 9.724119 -0.000000 0.473418 
 2452 0 400.000000 0.381818 -350.833989 9.722170 -0.000000 0.276487 
 2453 0 400.000000 0.387879 -357.468693 9.883368 -0.000000 0.187853 
 2458 0 400.000000 0.385542 -354.507830 9.812244 0.000000 0.240152 
 2460 0 400.000000 0.378049 -347.582602 9.619043 -0.000000 0.614644 
 2468 0 400.000000 0.381818 -351.348802 9.701274 -0.000000 0.370546 
 2470 0 400.000000 0.385542 -354.698628 9.828376 0.000000 0.297002 
 2471 0 400.000000 0.378049 -347.858996 9.616994 -0.000000 1.049162 
 2473 0 400.000000 0.390244 -360.669656 9.926333 -0.000000 0.211629 
 2479 0 400.000000 0.387879 -357.351058 9.883179 -0.000000 0.254562 
 2481 0 400.000000 0.381818 -351.544579 9.705452 -0.000000 0.160672 
 2485 0 400.000000 0.390244 -360.497552 9.911370 -0.000000 0.507976 
 2490 0 400.000000 0.385542 -354.921942 9.820848 0.000000 0.147251 
 2491 0 400.000000 0.378049 -347.995670 9.627033 -0.000000 0.902694 
 2493 1 400.000000 0.380952 -348.940160 9.697535 0.000000 -0.122937 
 2496 0 400.000000 0.377246 -345.269919 9.601436 -0.000000 0.492442 
 2500 0 400.000000 0.377246 -345.324059 9.602196 -0.000000 0.340287 
 2504 1 400.000000 0.377246 -344.961803 9.606740 -0.000000 -0.021264 
 2509 0 400.000000 0.373494 -341.377044 9.511274 -0.000000 0.521117 
 2512 0 400.000000 0.379518 -347.786094 9.668085 -0.000000 0.330905 
 2513 0 400.000000 0.381818 -350.672751 9.740651 -0.000000 0.374672 
 2518 0 400.000000 0.379518 -347.719993 9.648235 -0.000000 0.169656 
 2519 0 400.000000 0.377246 -345.193440 9.611099 0.000000 0.102652 
 2523 0 400.000000 0.371257 -338.633131 9.455865 -0.000000 0.890694 
 2527 0 400.000000 0.375000 -341.969799 9.551285 -0.000000 0.473461 
 2543 0 400.000000 0.376471 -342.972915 9.584274 -0.000000 0.450890 
 2545 0 400.000000 0.372781 -339.408298 9.490532 -0.000000 1.075491 
 2547 0 400.000000 0.382353 -349.337115 9.742311 -0.000000 0.091963 
 2549 0 400.000000 0.372781 -339.796125 9.488237 -0.000000 0.835292 
 2552 0 400.000000 0.384615 -352.008330 9.801718 -0.000000 0.423458 
 2557 0 400.000000 0.372781 -339.195437 9.491736 -0.000000 0.915337 
 2558 0 400.000000 0.380117 -346.442485 9.660407 0.000000 0.547442 
 2561 0 400.000000 0.384615 -351.814738 9.784329 -0.000000 0.712507 
 2563 0 400.000000 0.384615 -351.473013 9.806442 -0.000000 0.535929 
 2564 0 400.000000 0.382353 -348.822266 9.733038 -0.000000 0.451540 
 2565 0 400.000000 0.383721 -349.479533 9.770078 0.000000 0.064775 
 2566 0 400.000000 0.384615 -351.765217 9.802958 -0.000000 0.390811 
 2567 0 400.000000 0.372781 -339.304967 9.491242 -0.000000 1.152758 
 2576 0 400.000000 0.380117 -345.418971 9.692608 0.000000 0.262408 
 2579 0 400.000000 0.384615 -351.693739 9.807124 -0.000000 0.237132 
 2580 0 400.000000 0.376471 -342.383843 9.604698 -0.000000 0.353148 
 2583 0 400.000000 0.376471 -342.587401 9.605471 -0.000000 0.586424 
 2585 0 400.000000 0.382353 -348.837847 9.715929 -0.000000 0.117918 
 2588 0 400.000000 0.376471 -342.740774 9.572056 -0.000000 0.387721 
 2590 0 400.000000 0.384615 -351.441891 9.820152 -0.000000 0.577917 
 2593 0 400.000000 0.376471 -343.057583 9.585989 -0.000000 0.341521 
 2595 0 400.000000 0.376471 -343.167055 9.594884 -0.000000 0.396677 
 2596 0 400.000000 0.383721 -349.731100 9.767912 0.000000 0.173226 
 2604 0 400.000000 0.374269 -340.051426 9.522151 -0.000000 0.616049 
 2608 0 400.000000 0.377907 -343.441002 9.612565 -0.000000 0.425684 
 2609 0 400.000000 0.377907 -343.380050 9.631947 -0.000000 0.588359 
 2610 0 400.000000 0.383721 -349.203501 9.790139 -0.000000 0.322977 
 2614 0 400.000000 0.381503 -346.671758 9.708570 0.000000 0.205909 
 2617 0 400.000000 0.385965 -352.080485 9.839848 -0.000000 0.410479 
 2618 0 400.000000 0.381503 -346.109281 9.708375 0.000000 0.261333 
 2619 0 400.000000 0.374269 -339.946297 9.536469 -0.000000 1.006204 
 2623 0 400.000000 0.385057 -349.463745 9.816425 -0.000000 0.120926 
 2630 0 400.000000 0.385057 -349.194929 9.820943 -0.000000 0.334538 
 2633 0 400.000000 0.385057 -349.457070 9.820608 -0.000000 0.245756 
 2634 0 400.000000 0.375723 -339.923257 9.561234 -0.000000 0.890811 
 2635 0 400.000000 0.375723 -340.255539 9.581640 -0.000000 0.963551 
 2636 0 400.000000 0.375723 -339.894188 9.583929 -0.000000 0.884577 
 2638 0 400.000000 0.387283 -352.544992 9.879058 -0.000000 0.411461 
 2643 0 400.000000 0.382857 -346.710317 9.752114 0.000000 0.488961 
 2647 0 400.000000 0.385057 -349.518427 9.803599 -0.000000 0.151707 
 2648 0 400.000000 0.380682 -343.883104 9.711630 0.000000 0.028651 
 2649 0 400.000000 0.380682 -344.182095 9.687449 0.000000 0.108019 
 2656 0 400.000000 0.385057 -349.605603 9.800297 -0.000000 0.168759 
 2658 0 400.000000 0.375723 -340.601342 9.565137 -0.000000 0.899546 
 2660 0 400.000000 0.375723 -340.754613 9.573567 -0.000000 0.983449 
 2666 0 400.000000 0.385057 -349.759847 9.800258 -0.000000 0.319068 
 2674 0 400.000000 0.382857 -346.615149 9.749251 0.000000 0.549474 
 2675 0 400.000000 0.385057 -349.686542 9.823895 -0.000000 0.264567 
 2679 0 400.000000 0.385057 -349.756626 9.808504 -0.000000 0.253317 
 2684 0 400.000000 0.387283 -352.116027 9.860635 -0.000000 0.489483 
 2685 0 400.000000 0.379310 -343.327789 9.664522 -0.000000 0.419199 
 2687 0 400.000000 0.387283 -352.496389 9.867011 -0.000000 0.289111 
 2691 0 400.000000 0.387283 -352.202771 9.855896 -0.000000 0.585718 
 2693 0 400.000000 0.385057 -349.180795 9.825179 -0.000000 0.161821 
 2695 0 400.000000 0.375723 -339.791587 9.571091 -0.000000 0.804374 
 2696 0 400.000000 0.379310 -343.435198 9.670114 -0.000000 0.526422 
 2697 0 400.000000 0.375723 -340.342694 9.570247 -0.000000 0.822558 
 2699 0 400.000000 0.382857 -346.633619 9.772381 0.000000 0.217475 
 2701 0 400.000000 0.387283 -352.720458 9.847307 -0.000000 0.615603 
 2708 0 400.000000 0.379310 -343.958528 9.671973 -0.000000 0.525984 
 2720 1 400.000000 0.386364 -350.386476 9.853445 0.000000 -0.111071 
 2723 0 400.000000 0.388571 -352.880104 9.926030 -0.000000 0.167794 
 2729 0 400.000000 0.390805 -355.356918 9.954160 -0.000000 0.678429 
 2732 0 400.000000 0.379310 -343.458277 9.656164 -0.000000 0.806358 
 2734 0 400.000000 0.379310 -343.650361 9.659086 -0.000000 0.781535 
 2738 0 400.000000 0.382857 -346.637987 9.759209 -0.000000 0.483608 
 2739 0 400.000000 0.386364 -349.587458 9.842112 0.000000 0.193311 
 2742 0 400.000000 0.386364 -350.052083 9.846828 0.000000 0.276481 
 2744 0 400.000000 0.386364 -349.374253 9.854108 0.000000 0.132116 
 2746 0 400.000000 0.386364 -350.346348 9.837998 0.000000 0.571120 
 2754 0 400.000000 0.388571 -352.718729 9.889286 -0.000000 0.260570 
 2756 0 400.000000 0.389831 -352.952051 9.951425 0.000000 0.129413 
 2757 0 400.000000 0.388571 -352.717433 9.896222 -0.000000 0.149037 
 2758 0 400.000000 0.388571 -352.954340 9.895737 -0.000000 0.244785 
 2762 0 400.000000 0.388571 -352.888166 9.893660 -0.000000 0.294300 
 2763 0 400.000000 0.382022 -344.329175 9.720903 0.000000 0.095074 
 2770 0 400.000000 0.390805 -355.578689 9.950109 -0.000000 0.602276 
 2774 0 400.000000 0.384181 -347.091781 9.784474 0.000000 0.140652 
 2776 0 400.000000 0.390805 -355.696796 9.962352 -0.000000 0.732440 
 2778 0 400.000000 0.388571 -352.816245 9.892242 -0.000000 0.136686 
 2779 0 400.000000 0.382857 -346.714713 9.759470 -0.000000 0.496868 
 2780 0 400.000000 0.379310 -343.620547 9.662083 -0.000000 0.968349 
 2784 0 400.000000 0.382857 -347.026312 9.748950 -0.000000 0.447344 
 2790 0 400.000000 0.388571 -352.795334 9.904546 -0.000000 0.297128 
 2791 0 400.000000 0.386364 -349.790807 9.835151 0.000000 0.283142 
 2794 0 400.000000 0.382857 -346.675971 9.751176 -0.000000 0.475286 
 2795 0 400.000000 0.382857 -346.880134 9.757235 -0.000000 0.483212 
 2796 0 400.000000 0.388571 -352.564014 9.898018 -0.000000 0.360695 
 2797 0 400.000000 0.379310 -343.702841 9.672766 -0.000000 0.368356 
 2800 0 400.000000 0.379310 -343.423348 9.664141 -0.000000 0.744033 
 2802 0 400.000000 0.390805 -355.630073 9.962360 -0.000000 0.398416 
 2804 0 400.000000 0.382857 -347.001476 9.753958 -0.000000 0.528273 
 2805 0 400.000000 0.382857 -346.959544 9.765540 -0.000000 0.526884 
 2807 0 400.000000 0.379310 -343.381520 9.657295 -0.000000 1.000940 
 2808 0 400.000000 0.388571 -352.876235 9.896045 -0.000000 0.103217 
 2809 0 400.000000 0.390805 -355.724791 9.956367 -0.000000 0.488864 
 2812 0 400.000000 0.390805 -355.963371 9.936902 -0.000000 0.417176 
 2817 0 400.000000 0.382857 -346.746869 9.766033 -0.000000 0.579388 
 2818 0 400.000000 0.386364 -349.878352 9.843278 0.000000 0.246950 
 2821 0 400.000000 0.390805 -355.525875 9.962884 -0.000000 0.517530 
 2829 0 400.000000 0.388571 -352.741565 9.888637 -0.000000 0.313052 
 2831 0 400.000000 0.379310 -343.244064 9.660501 -0.000000 0.640215 
 2834 0 400.000000 0.382857 -346.800720 9.750890 -0.000000 0.486733 
 2835 0 400.000000 0.379310 -343.869083 9.640212 -0.000000 1.044325 
 2838 0 400.000000 0.382857 -346.451742 9.751218 -0.000000 0.435843 
 2839 0 400.000000 0.390805 -355.692098 9.949889 -0.000000 0.219014 
 2840 0 400.000000 0.379310 -343.603539 9.665041 -0.000000 0.999135 
 2841 0 400.000000 0.388571 -352.733553 9.906180 -0.000000 0.224665 
 2845 0 400.000000 0.390805 -355.400909 9.965116 -0.000000 0.568358 
 2846 0 400.000000 0.382857 -347.061929 9.739265 -0.000000 0.539778 
 2848 0 400.000000 0.388571 -352.786981 9.912971 -0.000000 0.154030 
 2850 0 400.000000 0.379310 -343.450143 9.650120 -0.000000 0.747673 
 2851 0 400.000000 0.379310 -343.487914 9.667831 -0.000000 0.792461 
 2855 0 400.000000 0.390805 -355.698261 9.964750 -0.000000 0.660166 
 2856 0 400.000000 0.388571 -353.119681 9.892098 -0.000000 0.089123 
 2858 0 400.000000 0.384181 -346.692123 9.782831 0.000000 0.026609 
 2861 0 400.000000 0.379310 -343.970896 9.661224 -0.000000 0.606429 
 2865 0 400.000000 0.390805 -355.865919 9.958172 -0.000000 0.622442 
 2866 0 400.000000 0.390805 -356.032122 9.961277 -0.000000 0.376045 
 2869 0 400.000000 0.379310 -343.857447 9.670204 -0.000000 0.933064 
 2871 0 400.000000 0.382857 -346.952553 9.747881 -0.000000 0.590047 
 2878 0 400.000000 0.382857 -346.660851 9.738469 -0.000000 0.463951 
 2882 0 400.000000 0.382857 -346.551323 9.751525 -0.000000 0.441226 
 2885 0 400.000000 0.382857 -346.775230 9.733221 -0.000000 0.541117 
 2888 0 400.000000 0.390805 -355.402880 9.961494 -0.000000 0.438600 
 2894 0 400.000000 0.388571 -352.446863 9.918334 -0.000000 0.104712 
 2898 0 400.000000 0.388571 -352.394696 9.918705 -0.000000 0.271701 
 2901 0 400.000000 0.379310 -343.291028 9.667451 -0.000000 0.876779 
 2905 0 400.000000 0.379310 -343.358731 9.663963 -0.000000 0.988008 
 2911 0 400.000000 0.388571 -352.882730 9.919806 -0.000000 0.247170 
 2913 0 400.000000 0.382857 -347.562889 9.743021 -0.000000 0.262559 
 2915 0 400.000000 0.390805 -356.141731 9.959521 -0.000000 0.292885 
 2916 0 400.000000 0.388571 -352.742144 9.919753 -0.000000 0.114578 
 2918 0 400.000000 0.390805 -356.093840 9.930644 -0.000000 0.582621 
 2921 0 400.000000 0.379310 -343.916938 9.652794 -0.000000 0.793181 
 2922 0 400.000000 0.388571 -352.979818 9.872418 -0.000000 0.286267 
 2923 0 400.000000 0.379310 -344.094383 9.679132 -0.000000 0.632545 
 2924 0 400.000000 0.379310 -343.254957 9.680454 -0.000000 0.774345 
 2928 0 400.000000 0.388571 -352.790907 9.898678 -0.000000 0.211567 
 2937 0 400.000000 0.388571 -352.547239 9.903765 -0.000000 0.438374 
 2947 0 400.000000 0.388571 -353.007247 9.901849 -0.000000 0.103168 
 2949 0 400.000000 0.382857 -346.576383 9.762243 -0.000000 0.618936 
 2950 0 400.000000 0.388571 -352.546400 9.884163 -0.000000 0.235176 
 2954 0 400.000000 0.388571 -352.464974 9.896913 -0.000000 0.135389 
 2955 0 400.000000 0.390805 -355.842897 9.963227 -0.000000 0.265983 
 2961 0 400.000000 0.390805 -355.193876 9.968324 -0.000000 0.478638 
 2964 0 400.000000 0.382857 -346.333473 9.769343 -0.000000 0.470792 
 2965 0 400.000000 0.379310 -343.563433 9.665475 -0.000000 0.969827 
 2966 0 400.000000 0.379310 -343.410230 9.650776 -0.000000 1.051075 
 2967 0 400.000000 0.382857 -347.097778 9.742800 -0.000000 0.519644 
 2968 0 400.000000 0.388571 -353.286914 9.898626 -0.000000 0.162082 
 2971 1 400.000000 0.388571 -353.274469 9.884113 -0.000000 0.052505 
 2972 0 400.000000 0.388571 -352.911250 9.901571 0.000000 0.757398 
 2975 0 400.000000 0.390805 -355.668949 9.951935 -0.000000 0.292823 
 2986 0 400.000000 0.390805 -356.114426 9.949970 -0.000000 0.221318 
 2988 0 400.000000 0.381503 -346.300801 9.712584 -0.000000 0.673596 
 2991 0 400.000000 0.393064 -358.877346 10.033848 -0.000000 0.398011 
 2992 0 400.000000 0.381503 -346.645847 9.709420 -0.000000 1.039283 
 2995 0 400.000000 0.381503 -346.538999 9.718350 -0.000000 0.990755 
 2999 0 400.000000 0.385057 -349.678440 9.813249 -0.000000 0.404653 
 3002 0 400.000000 0.386364 -349.965757 9.825186 0.000000 0.087397 
 3003 0 400.000000 0.385057 -349.731240 9.822202 -0.000000 0.388488 
 3004 0 400.000000 0.385057 -349.421071 9.827293 -0.000000 0.283570 
 3006 0 400.000000 0.385057 -349.602863 9.791143 -0.000000 0.302618 
 3007 0 400.000000 0.390805 -355.902676 9.982084 -0.000000 0.162049 
 3008 0 400.000000 0.385057 -349.444361 9.817995 -0.000000 0.459362 
 3011 0 400.000000 0.390805 -355.560112 9.963496 -0.000000 0.136208 
 3017 0 400.000000 0.385057 -349.679741 9.812230 -0.000000 0.401916 
 3018 0 400.000000 0.390805 -355.773131 9.942852 -0.000000 0.246625 
 3019 0 400.000000 0.385057 -349.853189 9.807456 -0.000000 0.373279 
 3023 0 400.000000 0.385057 -349.292424 9.821253 -0.000000 0.441606 
 3024 0 400.000000 0.385057 -350.061715 9.797547 -0.000000 0.396214 
 3031 0 400.000000 0.390805 -355.646995 9.966139 -0.000000 0.240911 
 3033 0 400.000000 0.385057 -349.654313 9.805652 -0.000000 0.363097 
 3034 0 400.000000 0.385057 -349.947568 9.818142 -0.000000 0.231894 
 3035 0 400.000000 0.385057 -349.808621 9.799995 -0.000000 0.420233 
 3040 0 400.000000 0.385057 -349.908253 9.817811 -0.000000 0.613905 
 3042 0 400.000000 0.385057 -349.687235 9.792088 -0.000000 0.396284 
 3044 0 400.000000 0.385057 -350.158955 9.805857 -0.000000 0.441406 
 3046 0 400.000000 0.385057 -349.778206 9.822931 -0.000000 0.416569 
 3050 0 400.000000 0.385057 -350.107685 9.815655 -0.000000 0.438142 
 3051 0 400.000000 0.385057 -349.991326 9.806662 -0.000000 0.458788 
 3053 1 400.000000 0.386364 -350.114793 9.842536 0.000000 -0.109320 
 3055 0 400.000000 0.391061 -353.726179 9.961486 0.000000 0.223145 
 3059 0 400.000000 0.384181 -347.229189 9.784950 -0.000000 0.441816 
 3065 0 400.000000 0.389831 -352.866997 9.936977 -0.000000 0.249091 
 3069 0 400.000000 0.389831 -353.181007 9.934410 -0.000000 0.124378 
 3072 0 400.000000 0.389831 -352.434309 9.931365 -0.000000 0.278913 
 3074 0 400.000000 0.389831 -352.695691 9.950036 -0.000000 0.493973 
 3075 0 400.000000 0.389831 -353.155536 9.942311 -0.000000 0.074472 
 3082 0 400.000000 0.385475 -347.035099 9.832524 -0.000000 0.478079 
 3083 0 400.000000 0.391061 -352.881907 9.984151 -0.000000 0.332424 
 3084 0 400.000000 0.391061 -353.333170 9.948926 -0.000000 0.187957 
 3085 0 400.000000 0.391061 -352.988330 9.962615 -0.000000 0.318257 
 3092 0 400.000000 0.391061 -353.018646 9.973802 -0.000000 0.286513 
 3094 0 400.000000 0.391061 -353.055977 9.963516 -0.000000 0.280442 
 3098 0 400.000000 0.385475 -347.309544 9.833572 -0.000000 0.513228 
 3100 0 400.000000 0.385475 -347.346954 9.833427 -0.000000 0.515318 
 3102 0 400.000000 0.391061 -353.330552 9.950724 -0.000000 0.276217 
 3104 0 400.000000 0.391061 -352.857115 9.991417 -0.000000 0.203216 
 3110 0 400.000000 0.391061 -353.339466 9.958489 -0.000000 0.291194 
 3113 0 400.000000 0.391061 -353.424521 9.958345 -0.000000 0.241991 
 3117 1 400.000000 0.386740 -347.848628 9.846750 0.000000 -0.112118 
 3122 0 400.000000 0.388889 -350.434356 9.924942 -0.000000 0.403281 
 3125 0 400.000000 0.383333 -344.564950 9.788857 -0.000000 0.483562 
 3127 0 400.000000 0.388889 -350.797359 9.905514 -0.000000 0.057430 
 3141 0 400.000000 0.388889 -350.530734 9.929088 -0.000000 0.077358 
 3147 0 400.000000 0.383333 -344.582599 9.767442 -0.000000 0.449066 
 3148 0 400.000000 0.383333 -344.389365 9.766215 -0.000000 0.613093 
 3149 0 400.000000 0.388889 -349.971813 9.920293 -0.000000 0.173818 
 3151 0 400.000000 0.383333 -344.560005 9.764015 -0.000000 0.537491 
 3155 1 400.000000 0.384615 -344.160876 9.811652 0.000000 -0.033298 
 3158 0 400.000000 0.386740 -347.645010 9.865069 -0.000000 0.139959 
 3163 0 400.000000 0.386740 -347.253829 9.870904 -0.000000 0.348033 
 3167 0 400.000000 0.386740 -347.465641 9.859509 -0.000000 0.231867 
 3172 0 400.000000 0.382514 -341.872913 9.744088 0.000000 0.043521 
 3173 0 400.000000 0.381215 -341.572333 9.739249 -0.000000 0.281967 
 3174 0 400.000000 0.386740 -347.445589 9.874929 -0.000000 0.480137 
 3176 0 400.000000 0.386740 -347.402458 9.853632 -0.000000 0.151617 
 3177 0 400.000000 0.386740 -347.475239 9.862026 -0.000000 0.239372 
 3179 0 400.000000 0.381215 -341.817890 9.721170 -0.000000 0.567149 
 3180 0 400.000000 0.386740 -347.587277 9.860006 -0.000000 0.240860 
 3182 0 400.000000 0.381215 -342.170774 9.706481 -0.000000 0.595671 
 3185 0 400.000000 0.386740 -347.829743 9.841976 -0.000000 0.277074 
 3186 0 400.000000 0.386740 -348.087754 9.838830 -0.000000 0.315640 
 3192 0 400.000000 0.386740 -348.041029 9.828798 -0.000000 0.016057 
 3195 0 400.000000 0.386740 -347.845854 9.848570 -0.000000 0.384009 
 3205 0 400.000000 0.381215 -341.880158 9.694772 -0.000000 0.353016 
 3207 0 400.000000 0.386740 -347.713989 9.876124 -0.000000 0.187248 
 3213 0 400.000000 0.386740 -347.802027 9.881554 -0.000000 0.328432 
 3214 0 400.000000 0.382514 -341.582635 9.766571 0.000000 0.119557 
 3219 0 400.000000 0.387978 -347.775319 9.880967 0.000000 0.150105 
 3220 0 400.000000 0.386740 -347.465819 9.870526 -0.000000 0.228578 
 3221 0 400.000000 0.387978 -347.643187 9.896534 0.000000 0.045826 
 3222 0 400.000000 0.386740 -347.487168 9.857563 -0.000000 0.140070 
 3223 0 400.000000 0.381215 -341.550194 9.719574 -0.000000 0.446203 
 3226 0 400.000000 0.386740 -347.229966 9.852581 -0.000000 0.264303 
 3228 0 400.000000 0.382514 -341.630741 9.757905 0.000000 0.149782 
 3231 0 400.000000 0.386740 -347.335470 9.865847 -0.000000 0.220306 
 3233 0 400.000000 0.386740 -347.261394 9.846835 -0.000000 0.481393 
 3235 0 400.000000 0.381215 -341.420906 9.733019 -0.000000 0.363078 
 3240 0 400.000000 0.381215 -341.604354 9.728228 -0.000000 0.576683 
 3242 0 400.000000 0.386740 -347.210888 9.869192 -0.000000 0.121635 
 3253 0 400.000000 0.381215 -342.044203 9.706711 -0.000000 0.351343 
 3255 0 400.000000 0.387978 -347.494287 9.894898 0.000000 0.383735 
 3257 0 400.000000 0.381215 -341.857708 9.713052 -0.000000 0.459917 
 3258 0 400.000000 0.381215 -341.402592 9.734547 -0.000000 0.238657 
 3262 0 400.000000 0.381215 -341.941288 9.707882 -0.000000 0.298092 
 3263 0 400.000000 0.386740 -347.533291 9.850898 -0.000000 0.315543 
 3266 0 400.000000 0.381215 -341.902497 9.710615 -0.000000 0.283484 
 3267 0 400.000000 0.382514 -341.584553 9.749578 0.000000 0.107183 
 3269 0 400.000000 0.381215 -341.712693 9.714834 -0.000000 0.434297 
 3270 0 400.000000 0.381215 -341.487754 9.718147 -0.000000 0.470812 
 3274 0 400.000000 0.381215 -341.627275 9.742123 -0.000000 0.393347 
 3291 0 400.000000 0.382514 -341.400215 9.762158 -0.000000 0.441117 
 3292 0 400.000000 0.387978 -347.310118 9.904045 -0.000000 0.081606 
 3293 0 400.000000 0.387978 -347.740489 9.878206 -0.000000 0.141173 
 3301 0 400.000000 0.387978 -347.569985 9.880492 -0.000000 0.150035 
 3306 0 400.000000 0.382514 -342.245976 9.747175 -0.000000 0.395919 
 3307 0 400.000000 0.382514 -341.742393 9.744551 -0.000000 0.508501 
 3309 0 400.000000 0.387978 -347.977697 9.880998 -0.000000 0.300671 
 3312 0 400.000000 0.382514 -341.975264 9.741972 -0.000000 0.670415 
 3320 0 400.000000 0.387978 -347.618398 9.887657 -0.000000 0.206734 
 3322 0 400.000000 0.382514 -342.160028 9.748055 -0.000000 0.491653 
 3326 0 400.000000 0.387978 -347.777112 9.884577 -0.000000 0.287320 
 3328 0 400.000000 0.387978 -347.740565 9.896427 -0.000000 0.264349 
 3330 0 400.000000 0.382514 -342.135710 9.756767 -0.000000 0.407140 
 3331 0 400.000000 0.387978 -347.473939 9.894997 -0.000000 0.327546 
 3333 0 400.000000 0.382514 -342.070357 9.754855 -0.000000 0.430798 
 3334 0 400.000000 0.382514 -341.965659 9.773516 -0.000000 0.517524 
 3336 0 400.000000 0.387978 -347.701113 9.883549 -0.000000 0.172297 
 3339 0 400.000000 0.389189 -348.045705 9.918207 -0.000000 0.286094 
 3340 0 400.000000 0.389189 -348.106871 9.902095 -0.000000 0.180009 
 3342 0 400.000000 0.389189 -347.943928 9.959277 -0.000000 0.181334 
 3344 0 400.000000 0.383784 -342.133430 9.770570 -0.000000 0.537994 
 3348 0 400.000000 0.383784 -342.337055 9.785598 -0.000000 0.427923 
 3351 0 400.000000 0.383784 -342.118309 9.784278 -0.000000 0.277793 
 3354 0 400.000000 0.383784 -342.124994 9.781176 -0.000000 0.542088 
 3355 0 400.000000 0.389189 -347.721169 9.925653 -0.000000 0.268250 
 3356 1 400.000000 0.385027 -342.595514 9.818080 0.000000 -0.131579 
 3362 0 400.000000 0.387097 -345.036278 9.867643 -0.000000 0.155652 
 3366 0 400.000000 0.387097 -345.076246 9.868117 -0.000000 0.435660 
 3369 0 400.000000 0.387097 -345.331289 9.880528 -0.000000 0.274410 
 3370 0 400.000000 0.387097 -345.136732 9.856879 -0.000000 0.226380 
 3371 0 400.000000 0.387097 -345.071531 9.880483 -0.000000 0.188137 
 3372 0 400.000000 0.381720 -339.631323 9.741384 -0.000000 0.486809 
 3373 0 400.000000 0.381720 -339.746188 9.718967 -0.000000 0.441563 
 3374 0 400.000000 0.387097 -345.565313 9.882808 -0.000000 0.102838 
 3378 0 400.000000 0.388298 -345.909758 9.917022 0.000000 0.203296 
 3379 0 400.000000 0.381720 -339.624854 9.713627 -0.000000 0.742642 
 3380 0 400.000000 0.381720 -339.906907 9.729586 -0.000000 0.646917 
 3381 0 400.000000 0.382979 -339.879868 9.782168 0.000000 0.080463 
 3382 0 400.000000 0.387097 -345.061578 9.871114 -0.000000 0.173465 
 3383 0 400.000000 0.387097 -345.366349 9.854815 -0.000000 0.171125 
 3387 0 400.000000 0.387097 -345.537094 9.854039 -0.000000 0.134835 
 3390 0 400.000000 0.381720 -339.666177 9.725984 -0.000000 0.422278 
 3392 0 400.000000 0.381720 -339.358266 9.738630 -0.000000 0.160440 
 3393 0 400.000000 0.381720 -339.334002 9.743464 -0.000000 0.473995 
 3404 0 400.000000 0.387097 -345.189651 9.872289 -0.000000 0.185362 
 3407 0 400.000000 0.387097 -344.783730 9.889689 -0.000000 0.454651 
 3411 0 400.000000 0.388298 -345.090943 9.917149 0.000000 0.166014 
 3413 0 400.000000 0.387097 -344.956531 9.879113 -0.000000 0.206263 
 3420 0 400.000000 0.381720 -339.622306 9.746699 -0.000000 0.439637 
 3422 0 400.000000 0.381720 -339.521526 9.724374 -0.000000 0.482621 
 3427 0 400.000000 0.381720 -339.665420 9.727125 -0.000000 0.418368 
 3430 0 400.000000 0.388298 -345.538943 9.906639 -0.000000 0.279525 
 3431 0 400.000000 0.382979 -339.891660 9.776446 -0.000000 0.610961 
 3434 0 400.000000 0.388298 -345.036046 9.921137 -0.000000 0.330655 
 3438 0 400.000000 0.389474 -345.570860 9.929248 0.000000 0.072678 
 3439 0 400.000000 0.388298 -345.494090 9.888014 -0.000000 0.348281 
 3440 0 400.000000 0.388298 -345.826653 9.923595 -0.000000 0.242218 
 3441 0 400.000000 0.388298 -345.167418 9.901407 -0.000000 0.180725 
 3448 0 400.000000 0.388298 -345.124711 9.913447 -0.000000 0.369877 
 3452 0 400.000000 0.388298 -344.938721 9.927034 -0.000000 0.151336 
 3456 0 400.000000 0.382979 -339.311978 9.786435 -0.000000 0.530315 
 3457 0 400.000000 0.382979 -339.539454 9.781707 -0.000000 0.340707 
 3458 0 400.000000 0.388298 -344.876582 9.895808 -0.000000 0.530616 
 3465 0 400.000000 0.389474 -345.426650 9.935592 -0.000000 0.284317 
 3469 0 400.000000 0.389474 -345.557308 9.940256 -0.000000 0.267751 
 3470 0 400.000000 0.384211 -339.783434 9.809460 -0.000000 0.386682 
 3471 0 400.000000 0.384211 -339.296841 9.809214 -0.000000 0.509373 
 3474 0 400.000000 0.389474 -345.162249 9.937524 -0.000000 0.272733 
 3479 0 400.000000 0.389474 -345.702127 9.944395 -0.000000 0.075767 
 3480 0 400.000000 0.389474 -345.380259 9.947468 -0.000000 0.292950 
 3482 0 400.000000 0.389474 -345.423209 9.928268 -0.000000 0.293337 
 3486 0 400.000000 0.389474 -345.762085 9.934727 -0.000000 0.221819 
 3488 1 400.000000 0.385417 -340.449782 9.821704 0.000000 -0.063983 
 3489 0 400.000000 0.387435 -342.934931 9.867814 -0.000000 0.218542 
 3495 0 400.000000 0.389744 -342.917468 9.947114 -0.000000 0.232302 
 3496 0 400.000000 0.384615 -337.492726 9.815402 -0.000000 0.555225 
 3498 0 400.000000 0.389744 -342.992648 9.947896 -0.000000 0.243475 
 3499 0 400.000000 0.384615 -337.357593 9.810050 -0.000000 0.354100 
 3500 0 400.000000 0.384615 -337.655198 9.830744 -0.000000 0.497917 
 3502 0 400.000000 0.389744 -342.795911 9.952435 -0.000000 0.141670 
 3504 0 400.000000 0.384615 -337.507400 9.798237 -0.000000 0.275080 
 3505 1 400.000000 0.385787 -337.459637 9.856104 0.000000 -0.045219 
 3509 0 400.000000 0.383838 -334.953216 9.808745 0.000000 0.167143 
 3518 0 400.000000 0.387755 -340.223182 9.909940 -0.000000 0.072399 
 3520 0 400.000000 0.387755 -339.757568 9.891185 -0.000000 0.106455 
 3522 1 400.000000 0.388889 -339.965107 9.942116 0.000000 -0.134226 
 3523 0 400.000000 0.390863 -342.234640 9.991560 -0.000000 0.438867 
 3525 0 400.000000 0.386935 -337.228058 9.882870 -0.000000 0.592181 
 3526 0 400.000000 0.386935 -337.127543 9.893527 -0.000000 0.436824 
 3527 0 400.000000 0.391960 -341.987338 10.026092 -0.000000 0.311739 
 3530 1 400.000000 0.388060 -336.908090 9.928269 0.000000 -0.004161 
 3533 1 400.000000 0.386139 -334.575223 9.875800 0.000000 -0.081945 
 3535 0 400.000000 0.383085 -332.044463 9.788045 -0.000000 0.182673 
 3540 0 400.000000 0.388060 -337.471477 9.907589 -0.000000 0.163748 
 3542 0 400.000000 0.388060 -337.321111 9.917768 -0.000000 0.234586 
 3544 0 400.000000 0.383085 -332.147774 9.802611 -0.000000 0.415614 
 3550 0 400.000000 0.388060 -337.770162 9.919532 -0.000000 0.153772 
 3551 0 400.000000 0.388060 -337.750954 9.918677 -0.000000 0.211546 
 3552 0 400.000000 0.388060 -337.344589 9.922342 -0.000000 0.260826 
 3556 0 400.000000 0.383085 -332.140712 9.773238 -0.000000 0.479623 
 3557 0 400.000000 0.388060 -337.920051 9.908659 -0.000000 0.211403 
 3559 0 400.000000 0.383085 -332.376665 9.787616 -0.000000 0.480721 
 3562 0 400.000000 0.388060 -337.708537 9.914074 -0.000000 0.096530 
 3565 0 400.000000 0.383085 -332.440829 9.793968 -0.000000 0.468162 
 3569 0 400.000000 0.388060 -337.736611 9.918710 -0.000000 0.251516 
 3574 0 400.000000 0.388060 -337.580213 9.899060 -0.000000 0.271431 
 3579 0 400.000000 0.383085 -332.832021 9.789379 -0.000000 0.495751 
 3583 0 400.000000 0.383085 -332.531103 9.798313 -0.000000 0.473743 
 3586 0 400.000000 0.388060 -337.931891 9.917701 -0.000000 0.060793 
 3587 0 400.000000 0.384236 -332.569613 9.822939 0.000000 0.080056 
 3594 0 400.000000 0.383085 -332.825208 9.782183 -0.000000 0.502597 
 3595 0 400.000000 0.383085 -332.689078 9.798807 -0.000000 0.199659 
 3602 0 400.000000 0.383085 -332.568995 9.782661 -0.000000 0.468521 
 3608 0 400.000000 0.383085 -332.311119 9.806147 -0.000000 0.469005 
 3616 1 400.000000 0.384236 -332.373289 9.830186 0.000000 -0.016210 
 3621 0 400.000000 0.381188 -329.671470 9.765084 -0.000000 0.440543 
 3622 0 400.000000 0.381188 -329.356813 9.753098 -0.000000 0.397353 
 3623 0 400.000000 0.381188 -329.663351 9.733391 -0.000000 0.438835 
 3624 0 400.000000 0.381188 -329.635072 9.750815 -0.000000 0.524199 
 3626 0 400.000000 0.386139 -334.624867 9.860005 -0.000000 0.348669 
 3627 1 400.000000 0.382353 -329.976061 9.782482 0.000000 -0.065211 
 3630 0 400.000000 0.379310 -327.429044 9.691630 -0.000000 0.487850 
 3631 0 400.000000 0.384236 -332.197845 9.841451 -0.000000 0.239217 
 3637 0 400.000000 0.379310 -327.182383 9.710899 -0.000000 0.535770 
 3642 0 400.000000 0.384236 -332.563181 9.814185 -0.000000 0.289231 
 3647 0 400.000000 0.379310 -327.406333 9.702170 -0.000000 0.437063 
 3648 0 400.000000 0.384236 -332.742623 9.823375 -0.000000 0.435383 
 3649 0 400.000000 0.384236 -332.717033 9.815374 -0.000000 0.064365 
 3650 0 400.000000 0.379310 -327.948188 9.690488 -0.000000 0.432352 
 3651 0 400.000000 0.379310 -327.305313 9.684696 -0.000000 0.408264 
 3653 0 400.000000 0.379310 -327.643691 9.695931 -0.000000 0.474659 
 3660 0 400.000000 0.379310 -327.577824 9.694543 -0.000000 0.417017 
 3663 0 400.000000 0.384236 -332.647172 9.821210 -0.000000 0.084803 
 3667 0 400.000000 0.384236 -332.542768 9.818566 -0.000000 0.126265 
 3669 0 400.000000 0.380488 -327.462851 9.745862 -0.000000 0.581704 
 3681 0 400.000000 0.380488 -327.242940 9.738387 -0.000000 0.527201 
 3683 0 400.000000 0.385366 -332.099962 9.853475 -0.000000 0.136994 
 3684 0 400.000000 0.385366 -331.937997 9.870691 -0.000000 0.459741 
 3686 0 400.000000 0.381643 -327.111913 9.762760 0.000000 0.033709 
 3689 0 400.000000 0.386473 -332.162675 9.899528 -0.000000 0.206761 
 3691 0 400.000000 0.386473 -332.125416 9.878835 -0.000000 0.251587 
 3695 0 400.000000 0.381643 -327.490148 9.757151 -0.000000 0.499346 
 3696 0 400.000000 0.381643 -326.762742 9.786346 -0.000000 0.371838 
 3698 0 400.000000 0.386473 -331.972070 9.865687 -0.000000 0.310616 
 3700 0 400.000000 0.386473 -331.994149 9.894083 -0.000000 0.376180 
 3701 0 400.000000 0.381643 -326.937246 9.761068 -0.000000 0.575259 
 3703 0 400.000000 0.386473 -332.355677 9.880476 -0.000000 0.183191 
 3704 0 400.000000 0.386473 -332.325880 9.874660 -0.000000 0.454724 
 3705 0 400.000000 0.386473 -332.111583 9.888682 -0.000000 0.413366 
 3706 0 400.000000 0.381643 -327.500171 9.762812 -0.000000 0.338036 
 3708 0 400.000000 0.381643 -327.567923 9.754502 -0.000000 0.517163 
 3709 0 400.000000 0.386473 -332.379031 9.867711 -0.000000 0.194261 
 3710 0 400.000000 0.386473 -332.462109 9.900294 -0.000000 0.270194 
 3712 0 400.000000 0.387560 -332.385225 9.921376 -0.000000 0.234195 
 3713 0 400.000000 0.382775 -327.476809 9.794065 -0.000000 0.398534 
 3723 0 400.000000 0.382775 -327.669675 9.797462 -0.000000 0.510875 
 3725 0 400.000000 0.387560 -332.662931 9.895245 -0.000000 0.378669 
 3728 0 400.000000 0.387560 -332.673869 9.911368 -0.000000 0.227740 
 3729 0 400.000000 0.387560 -332.675509 9.900858 -0.000000 0.135132 
 3731 0 400.000000 0.387560 -332.693573 9.911398 -0.000000 0.452020 
 3732 0 400.000000 0.382775 -327.611720 9.788924 -0.000000 0.559572 
 3735 0 400.000000 0.387560 -332.947040 9.912019 -0.000000 0.153193 
 3736 0 400.000000 0.382775 -327.713714 9.789130 -0.000000 0.582108 
 3738 0 400.000000 0.387560 -332.862939 9.905796 -0.000000 0.165290 
 3740 1 400.000000 0.388626 -332.502249 9.936515 0.000000 -0.153542 
 3741 0 400.000000 0.390476 -335.355199 9.972116 -0.000000 0.147599 
 3742 0 400.000000 0.385714 -330.548910 9.856002 -0.000000 0.334472 
 3745 0 400.000000 0.385714 -330.401089 9.860936 -0.000000 0.518898 
 3748 1 400.000000 0.391509 -335.634585 9.993004 0.000000 -0.084200 
 3749 0 400.000000 0.388626 -332.579865 9.946375 -0.000000 0.576804 
 3750 1 400.000000 0.393365 -338.017604 10.059795 -0.000000 0.069862 
 3752 0 400.000000 0.390476 -335.448373 9.982480 -0.000000 0.262361 
 3756 1 400.000000 0.391509 -335.436364 9.996306 0.000000 -0.014118 
 3760 0 400.000000 0.388626 -332.787217 9.943491 -0.000000 0.248302 
 3763 0 400.000000 0.388626 -332.721629 9.940121 -0.000000 0.344766 
 3766 0 400.000000 0.393365 -337.230418 10.064299 -0.000000 0.201834 
 3767 0 400.000000 0.388626 -332.833316 9.936315 -0.000000 0.474268 
 3772 0 400.000000 0.394366 -337.370124 10.095356 -0.000000 0.196458 
 3773 0 400.000000 0.394366 -337.122205 10.081970 -0.000000 0.406665 
 3777 0 400.000000 0.389671 -332.242472 9.978757 -0.000000 0.366725 
 3780 0 400.000000 0.389671 -332.452454 9.973173 -0.000000 0.462142 
 3781 0 400.000000 0.389671 -332.582247 9.983015 -0.000000 0.470010 
 3782 0 400.000000 0.394366 -337.100843 10.080019 -0.000000 0.223615 
 3783 1 400.000000 0.394366 -337.163305 10.087551 -0.000000 0.068342 
 3787 0 400.000000 0.396226 -340.110922 10.133565 -0.000000 0.277960 
 3789 0 400.000000 0.396226 -339.889314 10.138782 -0.000000 0.183027 
 3790 0 400.000000 0.396226 -339.952604 10.122926 -0.000000 0.253582 
 3791 0 400.000000 0.391509 -335.144285 9.997316 -0.000000 0.390771 
 3793 0 400.000000 0.391509 -334.770986 10.014267 -0.000000 0.430150 
 3797 0 400.000000 0.393519 -335.063528 10.064957 -0.000000 0.470009 
 3801 0 400.000000 0.394495 -334.964152 10.078102 -0.000000 0.307695 
 3806 0 400.000000 0.394495 -335.067341 10.081639 -0.000000 0.609274 
 3807 0 400.000000 0.394495 -334.852501 10.094556 -0.000000 0.507639 
 3808 0 400.000000 0.399083 -340.056253 10.214024 -0.000000 0.112221 
 3811 0 400.000000 0.394495 -335.227153 10.087929 -0.000000 0.580919 
 3812 0 400.000000 0.394495 -334.937024 10.077188 -0.000000 0.506497 
 3815 0 400.000000 0.394495 -335.044898 10.100896 -0.000000 0.471282 
 3818 0 400.000000 0.394495 -335.137539 10.092624 -0.000000 0.426573 
 3821 1 400.000000 0.400000 -339.381981 10.237233 -0.000000 0.031331 
 3823 0 400.000000 0.397260 -337.308995 10.149301 -0.000000 0.552220 
 3827 0 400.000000 0.402715 -341.874204 10.298114 -0.000000 0.321509 
 3829 0 400.000000 0.398190 -336.788814 10.179762 -0.000000 0.398826 
 3834 0 400.000000 0.402715 -341.318870 10.303152 -0.000000 0.289399 
 3835 0 400.000000 0.398190 -336.546247 10.203161 -0.000000 0.448839 
 3836 0 400.000000 0.398190 -336.668731 10.199862 -0.000000 0.578081 
 3838 0 400.000000 0.402715 -341.490899 10.301623 -0.000000 0.143500 
 3845 0 400.000000 0.402715 -340.937678 10.299826 -0.000000 0.346106 
 3848 0 400.000000 0.398190 -336.945848 10.183173 -0.000000 0.331710 
 3854 0 400.000000 0.402715 -341.388985 10.311674 -0.000000 0.346364 
 3856 0 400.000000 0.402715 -342.184764 10.285346 -0.000000 0.242135 
 3858 0 400.000000 0.402715 -341.205797 10.320953 -0.000000 0.338352 
 3859 0 400.000000 0.402715 -342.274743 10.298791 -0.000000 0.274137 
 3864 0 400.000000 0.398190 -336.673252 10.192210 -0.000000 0.497186 
 3865 0 400.000000 0.402715 -341.709841 10.318838 -0.000000 0.279596 
 3866 0 400.000000 0.398190 -337.367123 10.165279 -0.000000 0.321668 
 3870 0 400.000000 0.402715 -341.896301 10.286376 -0.000000 0.186258 
 3874 0 400.000000 0.402715 -341.697606 10.291904 -0.000000 0.334927 
 3876 0 400.000000 0.398190 -336.982600 10.209041 -0.000000 0.547273 
 3887 0 400.000000 0.398190 -337.286514 10.182459 -0.000000 0.488416 
 3888 0 400.000000 0.402715 -341.351088 10.302634 -0.000000 0.192904 
 3892 0 400.000000 0.398190 -336.809046 10.182791 -0.000000 0.485604 
 3898 0 400.000000 0.398190 -336.669486 10.160224 -0.000000 0.404884 
 3900 0 400.000000 0.398190 -336.576295 10.200823 -0.000000 0.731250 
 3903 0 400.000000 0.402715 -341.787714 10.293915 -0.000000 0.167143 
 3904 0 400.000000 0.402715 -341.378836 10.299552 -0.000000 0.255823 
 3905 0 400.000000 0.398190 -336.758525 10.203025 -0.000000 0.410115 
 3912 0 400.000000 0.398190 -336.934718 10.180756 -0.000000 0.532178 
 3915 0 400.000000 0.398190 -336.979371 10.178477 -0.000000 0.598436 
 3917 0 400.000000 0.399103 -336.354412 10.222602 0.000000 0.172215 
 3919 0 400.000000 0.402715 -341.944410 10.294737 -0.000000 0.024504 
 3924 0 400.000000 0.402715 -341.727448 10.266610 -0.000000 0.310304 
 3928 0 400.000000 0.402715 -341.856068 10.276102 -0.000000 0.237957 
 3929 0 400.000000 0.398190 -336.884077 10.206751 -0.000000 0.401045 
 3934 0 400.000000 0.398190 -337.056449 10.185396 -0.000000 0.504368 
 3939 0 400.000000 0.399103 -336.711963 10.208485 0.000000 0.058592 
 3940 0 400.000000 0.398190 -337.477362 10.168965 -0.000000 0.450693 
 3942 0 400.000000 0.402715 -341.793898 10.299093 -0.000000 0.207053 
 3943 0 400.000000 0.398190 -337.269409 10.166724 -0.000000 0.492181 
 3947 0 400.000000 0.402715 -341.898535 10.302709 -0.000000 0.130199 
 3951 0 400.000000 0.398190 -337.074606 10.171360 -0.000000 0.455919 
 3952 0 400.000000 0.398190 -337.012081 10.165985 -0.000000 0.421614 
 3956 0 400.000000 0.398190 -336.606911 10.179295 -0.000000 0.405057 
 3957 0 400.000000 0.398190 -337.023804 10.189931 -0.000000 0.405875 
 3963 0 400.000000 0.402715 -341.586261 10.298336 -0.000000 0.296002 
 3964 0 400.000000 0.402715 -341.231825 10.319828 -0.000000 0.254623 
 3966 0 400.000000 0.398190 -336.604125 10.178341 -0.000000 0.298388 
 3967 0 400.000000 0.402715 -341.326773 10.298203 -0.000000 0.230142 
 3968 0 400.000000 0.398190 -336.395709 10.205720 -0.000000 0.520712 
 3969 0 400.000000 0.398190 -336.354064 10.187548 -0.000000 0.479350 
 3972 0 400.000000 0.402715 -340.918879 10.308293 -0.000000 0.302237 
 3975 1 400.000000 0.399103 -335.884840 10.209677 0.000000 -0.034569 
 3981 0 400.000000 0.396396 -334.638835 10.146092 -0.000000 0.462671 
 3982 0 400.000000 0.400901 -339.240760 10.227944 -0.000000 0.207504 
 3984 0 400.000000 0.396396 -334.639360 10.146753 -0.000000 0.530900 
 3986 0 400.000000 0.396396 -334.053463 10.140171 -0.000000 0.406878 
 3987 0 400.000000 0.396396 -334.717790 10.132701 -0.000000 0.417682 
 3989 0 400.000000 0.396396 -334.470789 10.150661 -0.000000 0.459367 
 3994 0 400.000000 0.400901 -339.381613 10.236878 -0.000000 0.137842 
 3997 0 400.000000 0.396396 -334.777905 10.125665 -0.000000 0.416981 
 3998 0 400.000000 0.396396 -334.335991 10.127183 -0.000000 0.473037 
 4003 0 400.000000 0.400901 -339.410154 10.241890 -0.000000 0.264534 
 4008 0 400.000000 0.396396 -334.493955 10.140045 -0.000000 0.442474 
 4010 0 400.000000 0.400901 -339.464172 10.238596 -0.000000 0.102958 
