 500 0 400.000000 0.247086 -117.891874 2.371015 0.000000 -0.076597 
 501 1 400.000000 0.250000 -119.446305 2.414774 -0.000000 -0.263498 
 503 0 400.000000 0.243557 -116.614091 2.332195 0.000000 0.505069 
 509 0 400.000000 0.246504 -117.923594 2.383154 0.000000 0.825579 
 512 1 400.000000 0.247002 -118.168416 2.379293 -0.000000 -0.085351 
 513 0 400.000000 0.245047 -117.060731 2.369366 -0.000000 0.315681 
 518 1 400.000000 0.250000 -119.943150 2.399023 -0.000000 -0.055682 
 521 0 400.000000 0.257159 -123.077062 2.489944 -0.000000 0.290348 
 522 0 400.000000 0.249986 -119.861547 2.396612 -0.000000 0.134537 
 528 0 400.000000 0.239893 -115.055660 2.321879 -0.000000 0.060763 
 529 0 400.000000 0.249664 -119.621728 2.411129 0.000000 -0.250579 
 537 0 400.000000 0.243621 -116.894669 2.348139 0.000000 0.194527 
 541 0 400.000000 0.256833 -122.968182 2.474355 -0.000000 0.837980 
 546 0 400.000000 0.255768 -122.936729 2.455322 -0.000000 0.570918 
 548 0 400.000000 0.242095 -116.041111 2.337459 0.000000 0.028502 
 553 0 400.000000 0.242690 -116.330264 2.337065 0.000000 0.010259 
 554 0 400.000000 0.249656 -119.725096 2.398896 -0.000000 0.187062 
 556 0 400.000000 0.239094 -114.644133 2.308889 0.000000 1.441368 
 559 0 400.000000 0.246246 -117.941431 2.372901 -0.000000 0.567563 
 563 0 400.000000 0.243213 -116.406464 2.344577 0.000000 0.834156 
 564 0 400.000000 0.242637 -116.258718 2.343201 0.000000 0.383733 
 567 0 400.000000 0.243047 -116.380365 2.343876 0.000000 -0.053715 
 572 0 400.000000 0.241198 -115.616151 2.329636 0.000000 0.368018 
 574 0 400.000000 0.248859 -119.443594 2.391346 -0.000000 0.184491 
 575 0 400.000000 0.238115 -114.176772 2.298219 0.000000 0.337393 
 576 0 400.000000 0.237524 -113.936925 2.293469 0.000000 0.618562 
 577 0 400.000000 0.238895 -114.482113 2.296150 0.000000 0.007661 
 578 0 400.000000 0.227978 -109.412764 2.191076 0.000000 0.942899 
 580 1 400.000000 0.242356 -116.164707 2.338783 -0.000000 0.023573 
 581 0 400.000000 0.234015 -112.245729 2.248053 0.000000 0.425912 
 582 0 400.000000 0.242609 -116.408807 2.331090 0.000000 0.486537 
 583 0 400.000000 0.237764 -114.062164 2.295549 0.000000 0.525187 
 586 0 400.000000 0.241320 -115.838829 2.318251 0.000000 0.110136 
 592 0 400.000000 0.243325 -116.774245 2.345043 0.000000 0.846675 
 594 0 400.000000 0.255432 -123.046695 2.453864 -0.000000 0.877102 
 595 1 400.000000 0.238036 -114.327566 2.300373 -0.000000 0.019467 
 596 0 400.000000 0.231812 -111.201660 2.233807 -0.000000 0.531447 
 598 0 400.000000 0.238150 -114.275013 2.288478 0.000000 0.753251 
 599 0 400.000000 0.232955 -111.871528 2.250983 -0.000000 0.276396 
 603 0 400.000000 0.233826 -111.900853 2.253067 -0.000000 0.082216 
 604 0 400.000000 0.250000 -119.141135 2.404760 0.000000 1.772359 
 609 0 400.000000 0.234532 -112.311268 2.247908 0.000000 0.262865 
 614 0 400.000000 0.224013 -107.213065 2.152250 0.000000 0.423332 
 615 0 400.000000 0.231736 -110.854835 2.233351 0.000000 0.269517 
 617 0 400.000000 0.238411 -114.059799 2.286862 0.000000 0.620857 
 621 0 400.000000 0.238174 -113.993375 2.284715 0.000000 0.721114 
 627 0 400.000000 0.251480 -120.770766 2.422675 -0.000000 0.605662 
 629 0 400.000000 0.231926 -111.129909 2.225140 0.000000 0.366197 
 631 0 400.000000 0.235240 -112.389753 2.265212 0.000000 0.474531 
 632 0 400.000000 0.228673 -109.381210 2.197513 0.000000 0.207430 
 633 0 400.000000 0.240387 -115.031847 2.305890 0.000000 0.421489 
 635 1 400.000000 0.235016 -112.472620 2.263637 -0.000000 -0.445924 
 636 0 400.000000 0.234167 -112.127754 2.250158 0.000000 -0.338131 
 647 0 400.000000 0.238031 -114.150023 2.290355 -0.000000 0.024105 
 648 0 400.000000 0.241110 -115.660824 2.315076 -0.000000 0.252927 
 655 1 400.000000 0.238938 -114.621410 2.306745 -0.000000 -0.365166 
 658 0 400.000000 0.238116 -114.315170 2.293250 0.000000 0.351352 
 665 0 400.000000 0.240223 -115.011325 2.305121 0.000000 0.726508 
 667 0 400.000000 0.240223 -115.147703 2.310163 0.000000 0.880084 
 672 0 400.000000 0.245045 -117.683266 2.351190 -0.000000 0.122551 
 676 0 400.000000 0.239266 -114.444438 2.295725 0.000000 0.222232 
 679 0 400.000000 0.238675 -114.219735 2.295467 0.000000 1.050970 
 682 0 400.000000 0.227311 -108.714007 2.189913 0.000000 0.215630 
 684 0 400.000000 0.242998 -116.145959 2.329739 -0.000000 0.202171 
 688 0 400.000000 0.252555 -121.230805 2.422651 -0.000000 0.305772 
 691 0 400.000000 0.231461 -110.571243 2.224336 -0.000000 0.022078 
 696 0 400.000000 0.248798 -119.326461 2.387027 -0.000000 0.648085 
 699 0 400.000000 0.256239 -123.394716 2.461439 -0.000000 0.152507 
 700 0 400.000000 0.233349 -111.615569 2.238543 0.000000 -0.350998 
 701 0 400.000000 0.234270 -112.030877 2.251084 0.000000 0.120786 
 706 0 400.000000 0.226455 -108.685575 2.181577 -0.000000 0.514077 
 712 0 400.000000 0.231456 -111.173581 2.224473 0.000000 0.362721 
 715 0 400.000000 0.231929 -111.395320 2.233415 0.000000 0.176214 
 716 0 400.000000 0.228891 -109.858927 2.199193 -0.000000 0.193696 
 718 0 400.000000 0.230836 -110.827610 2.223809 0.000000 1.041186 
 721 0 400.000000 0.234980 -112.909396 2.258472 0.000000 -0.412424 
 727 1 400.000000 0.238667 -114.481607 2.299039 0.000000 -0.004838 
 730 0 400.000000 0.238227 -114.170704 2.296789 0.000000 0.425419 
 732 0 400.000000 0.236455 -113.383854 2.271997 0.000000 0.414198 
 740 0 400.000000 0.234472 -112.343099 2.252124 0.000000 0.363055 
 750 1 400.000000 0.240314 -115.150009 2.320682 -0.000000 -0.331547 
 751 0 400.000000 0.244134 -116.955037 2.351199 0.000000 0.004155 
 753 0 400.000000 0.244412 -117.113450 2.353013 0.000000 0.204565 
 755 0 400.000000 0.236948 -113.579436 2.280386 0.000000 0.368136 
 761 0 400.000000 0.243004 -116.522352 2.340528 0.000000 0.381370 
 763 0 400.000000 0.248618 -119.378570 2.390548 -0.000000 0.176189 
 772 0 400.000000 0.237031 -113.880982 2.276603 0.000000 0.201015 
 777 1 400.000000 0.250994 -120.678574 2.417057 -0.000000 0.043158 
 779 0 400.000000 0.257619 -124.001124 2.485958 0.000000 0.197446 
 781 0 400.000000 0.252715 -121.568225 2.434689 0.000000 0.597727 
 787 0 400.000000 0.253176 -121.787614 2.443150 -0.000000 0.196147 
 789 0 400.000000 0.264588 -127.153076 2.550128 0.000000 0.344868 
 790 0 400.000000 0.262957 -126.593654 2.538501 -0.000000 0.126206 
 791 0 400.000000 0.256572 -123.278336 2.475992 0.000000 0.577784 
 793 0 400.000000 0.264903 -126.998996 2.553824 0.000000 0.550496 
 799 0 400.000000 0.248484 -119.331618 2.398125 0.000000 0.405626 
 801 0 400.000000 0.258573 -124.270313 2.493050 0.000000 0.309276 
 802 0 400.000000 0.269923 -129.725776 2.605526 -0.000000 0.817887 
 803 1 400.000000 0.252905 -121.551465 2.440209 -0.000000 0.007195 
 805 0 400.000000 0.260788 -125.574336 2.515053 -0.000000 0.172342 
 809 0 400.000000 0.250542 -120.563760 2.415598 0.000000 0.830111 
 810 0 400.000000 0.256572 -123.320860 2.476502 0.000000 0.246503 
 812 0 400.000000 0.253682 -121.948430 2.445324 0.000000 0.526853 
 814 0 400.000000 0.258703 -124.342418 2.496476 -0.000000 0.071039 
 815 1 400.000000 0.251264 -120.921951 2.423713 0.000000 -0.014749 
 818 0 400.000000 0.251607 -121.487099 2.438894 -0.000000 0.512025 
 820 0 400.000000 0.247998 -119.623806 2.389741 0.000000 0.901530 
 824 0 400.000000 0.248482 -119.646710 2.392610 0.000000 0.882490 
 825 0 400.000000 0.240915 -116.201716 2.327721 -0.000000 0.191010 
 829 0 400.000000 0.249974 -120.439946 2.415464 0.000000 0.089079 
 832 0 400.000000 0.249819 -120.574854 2.404672 0.000000 0.021379 
 833 0 400.000000 0.252325 -121.836284 2.438494 -0.000000 0.189726 
 837 0 400.000000 0.253009 -121.890403 2.444929 -0.000000 1.248315 
 841 0 400.000000 0.250464 -120.634334 2.421037 0.000000 0.213699 
 843 0 400.000000 0.252327 -121.744948 2.433894 0.000000 0.499874 
 851 0 400.000000 0.247801 -119.429604 2.389852 0.000000 1.008303 
 852 0 400.000000 0.255406 -123.270736 2.457917 -0.000000 0.926752 
 853 0 400.000000 0.254997 -122.744597 2.466971 -0.000000 0.178231 
 857 0 400.000000 0.244802 -117.901718 2.369587 0.000000 0.026096 
 858 0 400.000000 0.255533 -123.400128 2.476933 -0.000000 1.149568 
 863 0 400.000000 0.244179 -117.681702 2.356079 0.000000 0.553522 
 868 0 400.000000 0.255267 -123.038219 2.461343 0.000000 0.185612 
 869 0 400.000000 0.254997 -122.942852 2.467252 -0.000000 0.080640 
 870 0 400.000000 0.265776 -128.027681 2.572642 -0.000000 0.386904 
 878 0 400.000000 0.245553 -118.456014 2.375760 -0.000000 0.832159 
 880 0 400.000000 0.250683 -121.153160 2.418864 -0.000000 0.677275 
 881 1 400.000000 0.244856 -118.010805 2.368199 0.000000 -0.097673 
 885 0 400.000000 0.243818 -117.376341 2.357732 0.000000 0.570400 
 892 0 400.000000 0.251763 -121.668978 2.426799 -0.000000 0.425707 
 907 0 400.000000 0.255219 -123.154204 2.453923 -0.000000 0.114448 
 909 0 400.000000 0.242972 -117.184017 2.354992 0.000000 0.544563 
 912 0 400.000000 0.251224 -121.143830 2.419033 -0.000000 0.071292 
 918 1 400.000000 0.242695 -116.801313 2.351334 -0.000000 -0.009717 
 922 1 400.000000 0.242109 -116.729479 2.345182 -0.000000 0.031375 
 923 0 400.000000 0.240033 -115.712261 2.309761 -0.000000 0.361235 
 924 1 400.000000 0.254897 -122.879124 2.456766 -0.000000 0.001408 
 926 0 400.000000 0.251924 -121.243581 2.438508 0.000000 0.425542 
 927 0 400.000000 0.257224 -123.962136 2.476189 0.000000 0.459907 
 928 0 400.000000 0.249469 -120.214276 2.404817 0.000000 0.062187 
 932 0 400.000000 0.241148 -116.124068 2.324810 0.000000 0.470932 
 936 0 400.000000 0.252182 -121.500208 2.432187 -0.000000 0.599269 
 942 0 400.000000 0.243484 -117.260359 2.353614 -0.000000 1.424210 
 944 0 400.000000 0.243484 -117.333919 2.349021 0.000000 1.184665 
 947 0 400.000000 0.246572 -118.833920 2.375167 -0.000000 0.672487 
 950 0 400.000000 0.251788 -121.372753 2.433622 0.000000 0.383915 
 952 0 400.000000 0.243843 -117.518660 2.352415 0.000000 1.064279 
 954 1 400.000000 0.246655 -118.935132 2.382821 0.000000 0.014213 
 955 1 400.000000 0.251067 -121.257914 2.418589 -0.000000 0.002308 
 957 0 400.000000 0.254032 -122.357315 2.457704 0.000000 0.347071 
 959 0 400.000000 0.250404 -120.811702 2.411850 -0.000000 1.201327 
 971 0 400.000000 0.245365 -118.265343 2.363928 0.000000 0.757323 
 978 0 400.000000 0.257886 -124.609853 2.490710 -0.000000 0.157116 
 979 0 400.000000 0.254308 -122.646336 2.452552 0.000000 -0.127783 
 981 0 400.000000 0.261082 -125.772432 2.524896 -0.000000 0.737224 
 982 0 400.000000 0.247537 -119.318279 2.392356 -0.000000 0.286662 
 986 0 400.000000 0.256645 -123.664708 2.479984 0.000000 0.748960 
 988 0 400.000000 0.257224 -123.958155 2.483851 0.000000 0.721588 
 992 0 400.000000 0.253242 -122.162129 2.446273 0.000000 0.271231 
 993 0 400.000000 0.261750 -126.277654 2.532929 -0.000000 0.505017 
 995 0 400.000000 0.265979 -128.148480 2.564070 -0.000000 0.553913 
 1004 0 400.000000 0.242938 -117.175653 2.346365 0.000000 2.007039 
 1005 0 400.000000 0.253703 -122.237773 2.456256 0.000000 1.308061 
 1009 1 400.000000 0.259001 -124.571176 2.508079 -0.000000 0.045713 
 1011 0 400.000000 0.244286 -117.827173 2.349790 0.000000 1.074389 
 1015 0 400.000000 0.261100 -126.109224 2.509293 -0.000000 0.657666 
 1017 0 400.000000 0.264464 -127.287726 2.563998 -0.000000 0.688402 
 1023 0 400.000000 0.264464 -127.498034 2.540753 -0.000000 0.136338 
 1025 0 400.000000 0.277032 -133.790698 2.684604 -0.000000 0.496360 
 1026 0 400.000000 0.258375 -124.507485 2.492885 0.000000 0.080166 
 1034 0 400.000000 0.265307 -128.145681 2.561446 -0.000000 0.442718 
 1035 0 400.000000 0.269892 -130.339092 2.597569 -0.000000 1.327462 
 1039 0 400.000000 0.256345 -123.558474 2.468301 0.000000 0.297358 
 1045 0 400.000000 0.244391 -117.782524 2.364966 0.000000 1.815679 
 1046 0 400.000000 0.263636 -127.014810 2.545340 0.000000 0.634105 
 1050 0 400.000000 0.253612 -122.129307 2.448166 0.000000 1.381972 
 1054 0 400.000000 0.257177 -123.605500 2.483215 0.000000 0.383728 
 1056 0 400.000000 0.249814 -120.471115 2.412094 0.000000 2.164713 
 1058 0 400.000000 0.258298 -124.310519 2.493770 0.000000 0.537016 
 1059 0 400.000000 0.266888 -128.515318 2.572374 -0.000000 0.535569 
 1060 0 400.000000 0.250494 -120.863395 2.418781 0.000000 1.797973 
 1066 0 400.000000 0.255629 -123.339013 2.467138 0.000000 1.172658 
 1067 0 400.000000 0.253315 -122.190269 2.442887 0.000000 0.704400 
 1070 1 400.000000 0.255263 -122.877221 2.462507 -0.000000 -0.013374 
 1073 0 400.000000 0.251349 -121.171514 2.428143 0.000000 0.044499 
 1074 0 400.000000 0.260896 -125.848803 2.516724 -0.000000 0.789212 
 1075 0 400.000000 0.256115 -123.445309 2.468715 0.000000 0.170034 
 1084 0 400.000000 0.250973 -120.941403 2.423225 0.000000 0.913764 
 1086 0 400.000000 0.251515 -121.268191 2.425518 0.000000 0.748225 
 1094 0 400.000000 0.254692 -122.829175 2.458642 -0.000000 1.687666 
 1095 0 400.000000 0.266341 -128.328401 2.567208 -0.000000 0.036054 
 1099 0 400.000000 0.261620 -125.833838 2.522229 -0.000000 0.174665 
 1102 0 400.000000 0.248608 -119.711107 2.401016 0.000000 0.103835 
 1105 0 400.000000 0.267177 -128.508894 2.585166 -0.000000 0.881319 
 1107 0 400.000000 0.250162 -120.531971 2.412286 0.000000 1.222557 
 1108 0 400.000000 0.264897 -127.172633 2.558175 0.000000 0.405540 
 1114 0 400.000000 0.254504 -122.586300 2.457347 0.000000 1.146252 
 1119 0 400.000000 0.258817 -124.769145 2.495501 0.000000 0.461633 
 1120 0 400.000000 0.263095 -126.856339 2.540675 0.000000 0.660896 
 1124 0 400.000000 0.256554 -124.229941 2.476849 -0.000000 1.367103 
 1128 0 400.000000 0.260227 -125.292202 2.512424 -0.000000 0.624023 
 1134 0 400.000000 0.260227 -125.632257 2.510346 -0.000000 0.022022 
 1135 0 400.000000 0.259224 -125.107693 2.498632 -0.000000 0.080534 
 1136 0 400.000000 0.250361 -120.774740 2.416850 0.000000 1.007734 
 1139 0 400.000000 0.260951 -125.766955 2.514294 -0.000000 0.083855 
 1140 0 400.000000 0.254134 -122.512424 2.453239 -0.000000 0.599590 
 1144 0 400.000000 0.255482 -123.218747 2.465962 0.000000 0.611583 
 1146 0 400.000000 0.250484 -120.803044 2.417237 0.000000 1.162320 
 1149 0 400.000000 0.256474 -123.609667 2.480045 0.000000 2.227409 
 1151 0 400.000000 0.257265 -124.185749 2.479916 -0.000000 0.345066 
 1156 0 400.000000 0.253354 -122.088563 2.445674 0.000000 2.161563 
 1158 0 400.000000 0.259038 -124.953210 2.501096 0.000000 0.678402 
 1161 0 400.000000 0.249724 -120.490800 2.417357 0.000000 1.875183 
 1164 0 400.000000 0.259337 -124.938724 2.504509 0.000000 0.412057 
 1165 0 400.000000 0.250258 -120.605368 2.422616 0.000000 1.042046 
 1167 0 400.000000 0.251669 -121.262494 2.424824 0.000000 0.419652 
 1168 0 400.000000 0.263860 -127.450762 2.548672 -0.000000 1.724838 
 1174 0 400.000000 0.257556 -123.938335 2.489378 0.000000 0.183657 
 1180 0 400.000000 0.261478 -125.854330 2.525837 0.000000 0.123884 
 1181 0 400.000000 0.261882 -125.885337 2.538603 -0.000000 0.064140 
 1190 0 400.000000 0.256447 -123.538191 2.480357 0.000000 0.038470 
 1191 0 400.000000 0.264357 -127.368269 2.546884 -0.000000 0.501360 
 1192 0 400.000000 0.252808 -121.671489 2.439555 0.000000 0.147758 
 1194 0 400.000000 0.239953 -115.512582 2.320286 0.000000 1.057066 
 1201 0 400.000000 0.255704 -123.211522 2.475198 0.000000 0.384690 
 1202 0 400.000000 0.245628 -118.460523 2.373997 0.000000 1.579612 
 1207 0 400.000000 0.243794 -117.603719 2.347223 0.000000 0.733125 
 1209 0 400.000000 0.260752 -125.665621 2.523779 0.000000 0.741047 
 1211 0 400.000000 0.248204 -119.616428 2.388962 0.000000 0.296120 
 1217 0 400.000000 0.258457 -124.724169 2.503281 0.000000 0.319566 
 1220 0 400.000000 0.255728 -123.267379 2.461270 0.000000 0.814119 
 1222 0 400.000000 0.263276 -126.955645 2.550107 -0.000000 0.067321 
 1225 0 400.000000 0.264096 -127.204205 2.562028 0.000000 0.537868 
 1227 0 400.000000 0.259661 -125.290196 2.493182 -0.000000 0.387617 
 1228 0 400.000000 0.253374 -122.132970 2.434254 -0.000000 0.257625 
 1231 0 400.000000 0.262363 -126.197068 2.519358 -0.000000 1.218279 
 1240 0 400.000000 0.276555 -133.201675 2.660477 -0.000000 0.317305 
 1241 0 400.000000 0.245700 -118.373420 2.382738 -0.000000 2.029219 
 1243 0 400.000000 0.254640 -122.250462 2.451673 0.000000 0.348081 
 1245 0 400.000000 0.262022 -126.110414 2.538834 0.000000 1.072180 
 1246 0 400.000000 0.256139 -123.439182 2.483846 0.000000 0.828071 
 1247 0 400.000000 0.256988 -123.768951 2.476946 0.000000 0.499098 
 1252 0 400.000000 0.252135 -121.352011 2.426919 0.000000 0.493762 
 1258 1 400.000000 0.266367 -128.322364 2.580440 -0.000000 0.054270 
 1261 0 400.000000 0.265146 -127.759916 2.562199 -0.000000 0.416669 
 1262 0 400.000000 0.269479 -129.731271 2.609813 0.000000 0.868978 
 1264 0 400.000000 0.264010 -127.427974 2.540368 -0.000000 1.501297 
 1267 0 400.000000 0.265146 -127.890129 2.557727 -0.000000 0.670546 
 1270 0 400.000000 0.278631 -134.286450 2.696861 0.000000 0.188594 
 1271 0 400.000000 0.255710 -123.229844 2.466564 0.000000 0.348046 
 1278 0 400.000000 0.264491 -127.598884 2.562554 -0.000000 0.587024 
 1280 0 400.000000 0.260426 -125.675146 2.504091 0.000000 0.662072 
 1281 0 400.000000 0.265054 -127.781457 2.559244 0.000000 0.178551 
 1283 0 400.000000 0.274771 -132.519499 2.652562 0.000000 0.215345 
 1288 0 400.000000 0.250117 -120.534505 2.405362 0.000000 0.748532 
 1289 0 400.000000 0.256901 -123.816059 2.479299 0.000000 0.994573 
 1290 0 400.000000 0.247510 -119.244453 2.400441 0.000000 0.770769 
 1292 0 400.000000 0.268937 -129.589464 2.587268 0.000000 0.568914 
 1296 0 400.000000 0.273410 -131.538157 2.631421 -0.000000 0.437800 
 1297 0 400.000000 0.273786 -131.506090 2.642693 0.000000 0.152226 
 1300 0 400.000000 0.269577 -129.705962 2.594436 -0.000000 0.154301 
 1301 0 400.000000 0.265359 -127.936290 2.560460 0.000000 0.356546 
 1303 0 400.000000 0.257503 -123.938431 2.493542 0.000000 2.141072 
 1307 0 400.000000 0.264232 -127.228472 2.559349 0.000000 -0.026300 
 1311 0 400.000000 0.244015 -117.511696 2.363505 0.000000 0.596676 
 1317 0 400.000000 0.251296 -121.030432 2.418706 0.000000 0.126221 
 1319 0 400.000000 0.262586 -126.663690 2.545308 0.000000 0.469060 
 1322 0 400.000000 0.270289 -130.106041 2.620436 -0.000000 0.235960 
 1325 0 400.000000 0.267884 -129.128448 2.576541 -0.000000 1.003867 
 1326 0 400.000000 0.276188 -133.029653 2.675760 0.000000 0.054375 
 1327 0 400.000000 0.280877 -135.451760 2.722301 -0.000000 0.183302 
 1329 0 400.000000 0.273711 -132.043772 2.632246 0.000000 0.127216 
 1331 0 400.000000 0.266175 -128.407388 2.579724 0.000000 0.203201 
 1332 0 400.000000 0.279058 -134.656673 2.685140 0.000000 0.301234 
