 500 1 400.000000 0.254051 -133.720143 2.734842 0.000000 -0.076597 
 501 1 400.000000 0.250000 -131.765755 2.687290 0.000000 -0.263498 
 503 0 400.000000 0.253590 -133.271542 2.722791 0.000000 0.505069 
 509 0 400.000000 0.251738 -132.695972 2.705803 0.000000 0.825579 
 512 1 400.000000 0.254167 -133.723119 2.735590 0.000000 -0.085351 
 513 0 400.000000 0.271662 -142.146518 2.915984 0.000000 0.315681 
 518 1 400.000000 0.250000 -131.367103 2.671531 0.000000 -0.055682 
 521 0 400.000000 0.251070 -132.017255 2.687736 0.000000 0.290348 
 522 0 400.000000 0.250734 -131.721645 2.679782 0.000000 0.134537 
 528 0 400.000000 0.259083 -135.763685 2.780018 0.000000 0.060763 
 529 0 400.000000 0.243432 -127.924634 2.603812 0.000000 -0.250579 
 537 0 400.000000 0.256509 -134.197612 2.742104 0.000000 0.194527 
 541 0 400.000000 0.243831 -128.304823 2.605759 0.000000 0.837980 
 546 0 400.000000 0.234514 -123.450221 2.510953 0.000000 0.570918 
 548 0 400.000000 0.240465 -126.452569 2.576188 0.000000 0.028502 
 553 0 400.000000 0.243834 -128.429181 2.604218 0.000000 0.010259 
 554 0 400.000000 0.244218 -128.605437 2.614757 0.000000 0.187062 
 556 0 400.000000 0.237757 -125.037454 2.545757 0.000000 1.441368 
 559 0 400.000000 0.242795 -128.000681 2.606977 -0.000000 0.567563 
 563 0 400.000000 0.248779 -130.932910 2.662798 0.000000 0.834156 
 564 0 400.000000 0.245373 -129.115237 2.622447 0.000000 0.383733 
 567 1 400.000000 0.242567 -127.626801 2.595974 -0.000000 -0.053715 
 572 0 400.000000 0.234687 -123.631634 2.507763 0.000000 0.368018 
 574 0 400.000000 0.237758 -125.282390 2.544756 0.000000 0.184491 
 575 0 400.000000 0.240202 -126.506210 2.570518 0.000000 0.337393 
 576 0 400.000000 0.234818 -123.736309 2.509878 0.000000 0.618562 
 577 1 400.000000 0.242663 -127.890169 2.595092 -0.000000 0.007661 
 578 0 400.000000 0.244988 -128.941745 2.622152 -0.000000 0.942899 
 580 1 400.000000 0.242444 -127.634737 2.591993 0.000000 0.023573 
 581 0 400.000000 0.239484 -126.075807 2.562837 0.000000 0.425912 
 582 0 400.000000 0.239317 -126.018391 2.561874 0.000000 0.486537 
 583 0 400.000000 0.240221 -126.565296 2.569349 0.000000 0.525187 
 586 0 400.000000 0.240013 -126.144575 2.568452 0.000000 0.110136 
 592 0 400.000000 0.249487 -130.608054 2.665921 0.000000 0.846675 
 594 0 400.000000 0.228351 -120.068845 2.439568 0.000000 0.877102 
 595 0 400.000000 0.242047 -127.291316 2.581370 0.000000 0.019467 
 596 0 400.000000 0.250287 -131.199683 2.674478 0.000000 0.531447 
 598 0 400.000000 0.240999 -126.630904 2.572325 0.000000 0.753251 
 599 0 400.000000 0.260949 -136.364710 2.782154 0.000000 0.276396 
 603 0 400.000000 0.240499 -126.647669 2.564703 0.000000 0.082216 
 604 0 400.000000 0.250000 -131.577210 2.671587 0.000000 1.772359 
 609 0 400.000000 0.246021 -129.432888 2.632570 0.000000 0.262865 
 614 0 400.000000 0.238510 -125.902062 2.543859 0.000000 0.423332 
 615 0 400.000000 0.232334 -122.620774 2.475376 0.000000 0.269517 
 617 0 400.000000 0.244667 -128.691657 2.618672 0.000000 0.620857 
 621 0 400.000000 0.247187 -130.326952 2.637009 0.000000 0.721114 
 627 0 400.000000 0.233398 -122.966947 2.481098 0.000000 0.605662 
 629 0 400.000000 0.233381 -123.004018 2.489625 0.000000 0.366197 
 631 0 400.000000 0.249580 -131.173925 2.652205 0.000000 0.474531 
 632 0 400.000000 0.242292 -127.640558 2.583842 0.000000 0.207430 
 633 0 400.000000 0.236218 -124.504348 2.520797 0.000000 0.421489 
 635 1 400.000000 0.251829 -132.521225 2.674814 0.000000 -0.445924 
 636 1 400.000000 0.245308 -129.136100 2.608640 0.000000 -0.338131 
 647 0 400.000000 0.245264 -129.342750 2.603922 0.000000 0.024105 
 648 0 400.000000 0.240344 -126.638332 2.556093 0.000000 0.252927 
 655 1 400.000000 0.251959 -132.701459 2.668705 0.000000 -0.365166 
 658 0 400.000000 0.246652 -129.923951 2.604187 0.000000 0.351352 
 665 0 400.000000 0.255656 -134.494839 2.705327 0.000000 0.726508 
 667 0 400.000000 0.255656 -134.516634 2.708590 -0.000000 0.880084 
 672 0 400.000000 0.243510 -128.041827 2.584422 0.000000 0.122551 
 676 0 400.000000 0.252678 -132.830732 2.681663 0.000000 0.222232 
 679 0 400.000000 0.247697 -130.407285 2.623315 0.000000 1.050970 
 682 0 400.000000 0.231976 -122.191366 2.453427 -0.000000 0.215630 
 684 0 400.000000 0.252579 -133.198103 2.677791 0.000000 0.202171 
 688 0 400.000000 0.241018 -127.001719 2.554935 0.000000 0.305772 
 691 0 400.000000 0.251497 -132.439493 2.655539 0.000000 0.022078 
 696 0 400.000000 0.240889 -126.837128 2.548448 0.000000 0.648085 
 699 0 400.000000 0.234335 -123.436388 2.473397 0.000000 0.152507 
 700 0 400.000000 0.236974 -124.877202 2.506783 0.000000 -0.350998 
 701 0 400.000000 0.242637 -127.627299 2.568871 0.000000 0.120786 
 706 0 400.000000 0.241445 -126.741664 2.538196 0.000000 0.514077 
 712 0 400.000000 0.230439 -121.128845 2.435851 0.000000 0.362721 
 715 0 400.000000 0.231820 -122.004684 2.435231 -0.000000 0.176214 
 716 0 400.000000 0.238979 -125.784385 2.526587 0.000000 0.193696 
 718 0 400.000000 0.228078 -120.081449 2.395263 0.000000 1.041186 
 721 1 400.000000 0.251381 -132.099541 2.655064 0.000000 -0.412424 
 727 0 400.000000 0.251114 -131.725034 2.628658 0.000000 -0.004838 
 730 0 400.000000 0.273399 -142.458630 2.866711 0.000000 0.425419 
 732 0 400.000000 0.238208 -124.992379 2.511184 0.000000 0.414198 
 740 0 400.000000 0.249210 -130.504200 2.623464 0.000000 0.363055 
 750 1 400.000000 0.260373 -136.761797 2.734539 0.000000 -0.331547 
 751 1 400.000000 0.260154 -136.470036 2.726776 0.000000 0.004155 
 753 0 400.000000 0.262259 -137.459712 2.756474 0.000000 0.204565 
 755 0 400.000000 0.270669 -141.355702 2.835525 0.000000 0.368136 
 761 0 400.000000 0.255550 -133.987902 2.686731 0.000000 0.381370 
 763 0 400.000000 0.262221 -137.627984 2.745335 0.000000 0.176189 
 772 0 400.000000 0.247803 -130.089284 2.594725 0.000000 0.201015 
 777 0 400.000000 0.252914 -132.658762 2.667755 0.000000 0.043158 
 779 1 400.000000 0.281228 -146.824393 2.938284 0.000000 0.197446 
 781 0 400.000000 0.278854 -145.593228 2.917229 0.000000 0.597727 
 787 0 400.000000 0.279149 -145.899544 2.917221 0.000000 0.196147 
 789 0 400.000000 0.270408 -141.088715 2.828872 0.000000 0.344868 
 790 0 400.000000 0.283424 -147.767602 2.969298 0.000000 0.126206 
 791 0 400.000000 0.276368 -144.225407 2.888226 0.000000 0.577784 
 793 0 400.000000 0.291609 -152.136701 3.050465 -0.000000 0.550496 
 799 0 400.000000 0.262649 -136.977214 2.745950 0.000000 0.405626 
 801 0 400.000000 0.289878 -150.883314 3.032221 0.000000 0.309276 
 802 0 400.000000 0.279398 -145.645428 2.925618 0.000000 0.817887 
 803 0 400.000000 0.281340 -146.770633 2.942725 0.000000 0.007195 
 805 0 400.000000 0.275256 -143.510328 2.878537 0.000000 0.172342 
 809 0 400.000000 0.270544 -141.234596 2.821907 0.000000 0.830111 
 810 0 400.000000 0.296408 -154.272303 3.100834 0.000000 0.246503 
 812 0 400.000000 0.283740 -148.124139 2.955343 0.000000 0.526853 
 814 0 400.000000 0.286093 -149.147825 2.992591 0.000000 0.071039 
 815 0 400.000000 0.273140 -142.499001 2.852797 0.000000 -0.014749 
 818 0 400.000000 0.256065 -133.580749 2.670003 0.000000 0.512025 
 820 0 400.000000 0.260326 -135.691603 2.706815 0.000000 0.901530 
 824 0 400.000000 0.261967 -136.500091 2.724538 -0.000000 0.882490 
 825 0 400.000000 0.269262 -140.198937 2.793126 0.000000 0.191010 
 829 0 400.000000 0.268473 -139.809234 2.786197 0.000000 0.089079 
 832 0 400.000000 0.271840 -141.564711 2.829037 0.000000 0.021379 
 833 0 400.000000 0.262026 -136.647514 2.719890 0.000000 0.189726 
 837 0 400.000000 0.265380 -138.444063 2.756525 0.000000 1.248315 
 841 0 400.000000 0.275064 -143.430014 2.857275 0.000000 0.213699 
 843 0 400.000000 0.284367 -148.326785 2.962214 0.000000 0.499874 
 851 0 400.000000 0.287438 -149.196386 2.995311 0.000000 1.008303 
 852 0 400.000000 0.275584 -143.758311 2.868811 0.000000 0.926752 
 853 0 400.000000 0.275346 -143.834537 2.856315 0.000000 0.178231 
 857 0 400.000000 0.269402 -140.812244 2.792296 -0.000000 0.026096 
 858 0 400.000000 0.255146 -133.263354 2.648760 0.000000 1.149568 
 863 0 400.000000 0.263833 -137.743053 2.753818 0.000000 0.553522 
 868 0 400.000000 0.299548 -155.797140 3.122116 0.000000 0.185612 
 869 0 400.000000 0.275346 -143.737248 2.852912 0.000000 0.080640 
 870 0 400.000000 0.281629 -147.167686 2.923064 0.000000 0.386904 
 878 0 400.000000 0.250129 -130.368651 2.595284 0.000000 0.832159 
 880 0 400.000000 0.252544 -131.722455 2.633358 0.000000 0.677275 
 881 1 400.000000 0.269575 -140.753970 2.798839 -0.000000 -0.097673 
 885 0 400.000000 0.262536 -136.741928 2.726754 0.000000 0.570400 
 892 0 400.000000 0.258651 -135.079216 2.695967 0.000000 0.425707 
 907 0 400.000000 0.272374 -142.289639 2.833302 0.000000 0.114448 
 909 0 400.000000 0.277746 -144.982359 2.887448 0.000000 0.544563 
 912 0 400.000000 0.272857 -142.763635 2.842275 0.000000 0.071292 
 918 0 400.000000 0.270395 -141.689965 2.807181 0.000000 -0.009717 
 922 0 400.000000 0.266685 -139.396306 2.767625 0.000000 0.031375 
 923 0 400.000000 0.257014 -134.492373 2.671586 0.000000 0.361235 
 924 1 400.000000 0.264942 -138.548173 2.762261 0.000000 0.001408 
 926 0 400.000000 0.272624 -142.164410 2.827942 0.000000 0.425542 
 927 0 400.000000 0.253276 -132.471383 2.630304 0.000000 0.459907 
 928 0 400.000000 0.261673 -136.892806 2.729589 0.000000 0.062187 
 932 0 400.000000 0.265902 -138.358869 2.776944 0.000000 0.470932 
 936 0 400.000000 0.254545 -132.810564 2.657615 0.000000 0.599269 
 942 0 400.000000 0.254758 -132.693561 2.642133 0.000000 1.424210 
 944 0 400.000000 0.254758 -132.859241 2.658694 0.000000 1.184665 
 947 0 400.000000 0.269285 -140.281863 2.796028 0.000000 0.672487 
 950 0 400.000000 0.255580 -133.586028 2.655095 0.000000 0.383915 
 952 0 400.000000 0.212163 -110.940021 2.210279 0.000000 1.064279 
 954 1 400.000000 0.265806 -138.934659 2.759709 0.000000 0.014213 
 955 0 400.000000 0.265267 -138.679708 2.752300 0.000000 0.002308 
 957 0 400.000000 0.276510 -144.249021 2.883128 0.000000 0.347071 
 959 0 400.000000 0.280369 -145.712704 2.910558 0.000000 1.201327 
 971 0 400.000000 0.259903 -136.172452 2.698150 0.000000 0.757323 
 978 0 400.000000 0.253607 -132.803871 2.633860 0.000000 0.157116 
 979 1 400.000000 0.280929 -146.957358 2.916146 0.000000 -0.127783 
 981 0 400.000000 0.268426 -140.361860 2.787372 0.000000 0.737224 
 982 0 400.000000 0.268756 -140.550958 2.784868 0.000000 0.286662 
 986 0 400.000000 0.274656 -143.771822 2.846061 0.000000 0.748960 
 988 0 400.000000 0.278132 -145.351881 2.893907 0.000000 0.721588 
 992 0 400.000000 0.332032 -172.535074 3.455773 0.000000 0.271231 
 993 0 400.000000 0.272703 -142.624597 2.835062 0.000000 0.505017 
 995 0 400.000000 0.267599 -139.808964 2.777153 0.000000 0.553913 
 1004 0 400.000000 0.226176 -118.092570 2.355174 0.000000 2.007039 
 1005 0 400.000000 0.276920 -144.375992 2.880242 0.000000 1.308061 
 1009 0 400.000000 0.280669 -146.618498 2.919668 0.000000 0.045713 
 1011 0 400.000000 0.235374 -122.995343 2.441254 0.000000 1.074389 
 1015 0 400.000000 0.268543 -140.354531 2.784832 0.000000 0.657666 
 1017 0 400.000000 0.284189 -148.562215 2.956323 0.000000 0.688402 
 1023 0 400.000000 0.284189 -148.721285 2.942805 0.000000 0.136338 
 1025 0 400.000000 0.269996 -141.256167 2.812547 0.000000 0.496360 
 1026 0 400.000000 0.276599 -144.757206 2.859157 0.000000 0.080166 
 1034 0 400.000000 0.263385 -137.793243 2.729998 0.000000 0.442718 
 1035 0 400.000000 0.263467 -137.880115 2.730177 0.000000 1.327462 
 1039 0 400.000000 0.287880 -150.559336 2.984959 0.000000 0.297358 
 1045 0 400.000000 0.261134 -136.472133 2.717142 0.000000 1.815679 
 1046 0 400.000000 0.266702 -139.568936 2.766775 0.000000 0.634105 
 1050 0 400.000000 0.276643 -144.613680 2.870072 -0.000000 1.381972 
 1054 0 400.000000 0.291887 -152.388442 3.029468 -0.000000 0.383728 
 1056 0 400.000000 0.261061 -135.970948 2.714885 -0.000000 2.164713 
 1058 0 400.000000 0.275782 -143.846897 2.862638 0.000000 0.537016 
 1059 0 400.000000 0.311924 -162.099250 3.233632 0.000000 0.535569 
 1060 0 400.000000 0.265053 -138.368659 2.756540 0.000000 1.797973 
 1066 0 400.000000 0.267742 -139.908047 2.779188 0.000000 1.172658 
 1067 0 400.000000 0.274644 -143.622336 2.848622 0.000000 0.704400 
 1070 0 400.000000 0.280728 -146.789069 2.915049 0.000000 -0.013374 
 1073 0 400.000000 0.285700 -149.459360 2.970776 0.000000 0.044499 
 1074 0 400.000000 0.300904 -157.464565 3.123256 0.000000 0.789212 
 1075 0 400.000000 0.302976 -158.451571 3.144314 -0.000000 0.170034 
 1084 0 400.000000 0.295376 -154.329722 3.068003 0.000000 0.913764 
 1086 0 400.000000 0.264596 -138.442377 2.747895 0.000000 0.748225 
 1094 0 400.000000 0.276077 -144.018970 2.869947 0.000000 1.687666 
 1095 0 400.000000 0.278884 -145.862646 2.892520 0.000000 0.036054 
 1099 0 400.000000 0.284166 -148.753583 2.945444 0.000000 0.174665 
 1102 0 400.000000 0.272806 -142.713729 2.838309 -0.000000 0.103835 
 1105 0 400.000000 0.283337 -148.187416 2.948667 0.000000 0.881319 
 1107 0 400.000000 0.261216 -136.691199 2.706034 0.000000 1.222557 
 1108 0 400.000000 0.295839 -154.887975 3.063863 0.000000 0.405540 
 1114 0 400.000000 0.275032 -143.479234 2.864724 0.000000 1.146252 
 1119 0 400.000000 0.293569 -153.497112 3.036164 0.000000 0.461633 
 1120 0 400.000000 0.289111 -151.115733 2.989547 0.000000 0.660896 
 1124 0 400.000000 0.244661 -127.879940 2.533797 0.000000 1.367103 
 1128 0 400.000000 0.278736 -145.813697 2.886465 0.000000 0.624023 
 1134 0 400.000000 0.278736 -145.743066 2.901717 0.000000 0.022022 
 1135 0 400.000000 0.278917 -145.582340 2.886751 0.000000 0.080534 
 1136 0 400.000000 0.264073 -138.076380 2.736647 0.000000 1.007734 
 1139 0 400.000000 0.283100 -147.803453 2.932127 0.000000 0.083855 
 1140 0 400.000000 0.275459 -143.912519 2.855721 0.000000 0.599590 
 1144 0 400.000000 0.283759 -148.446803 2.942161 0.000000 0.611583 
 1146 0 400.000000 0.259818 -135.934907 2.701477 -0.000000 1.162320 
 1149 0 400.000000 0.282432 -146.962862 2.935879 0.000000 2.227409 
 1151 0 400.000000 0.267659 -140.056949 2.776844 0.000000 0.345066 
 1156 0 400.000000 0.270653 -140.992955 2.807465 0.000000 2.161563 
 1158 0 400.000000 0.322636 -167.735629 3.353260 0.000000 0.678402 
 1161 0 400.000000 0.229888 -120.447854 2.388886 0.000000 1.875183 
 1164 0 400.000000 0.290998 -152.369722 3.020126 0.000000 0.412057 
 1165 0 400.000000 0.277185 -145.046347 2.878865 0.000000 1.042046 
 1167 0 400.000000 0.281326 -147.159045 2.921116 0.000000 0.419652 
 1168 0 400.000000 0.247491 -129.539028 2.570789 0.000000 1.724838 
 1174 0 400.000000 0.288027 -150.740424 2.991500 0.000000 0.183657 
 1180 0 400.000000 0.283391 -148.313628 2.944989 0.000000 0.123884 
 1181 0 400.000000 0.279626 -146.181966 2.903734 0.000000 0.064140 
 1190 0 400.000000 0.281213 -146.950737 2.920004 -0.000000 0.038470 
 1191 0 400.000000 0.268029 -140.022616 2.786593 0.000000 0.501360 
 1192 0 400.000000 0.289414 -151.192461 3.010872 0.000000 0.147758 
 1194 0 400.000000 0.261721 -136.792325 2.715710 0.000000 1.057066 
 1201 0 400.000000 0.276647 -144.433407 2.870552 0.000000 0.384690 
 1202 0 400.000000 0.257779 -134.690482 2.670967 -0.000000 1.579612 
 1207 0 400.000000 0.255679 -133.580707 2.656813 0.000000 0.733125 
 1209 0 400.000000 0.281700 -147.293170 2.924713 0.000000 0.741047 
 1211 0 400.000000 0.302953 -158.484669 3.147710 -0.000000 0.296120 
 1217 0 400.000000 0.309341 -161.095840 3.213043 0.000000 0.319566 
 1220 0 400.000000 0.276643 -144.350658 2.883276 0.000000 0.814119 
 1222 0 400.000000 0.284746 -148.932640 2.946460 0.000000 0.067321 
 1225 0 400.000000 0.307395 -160.910816 3.194792 -0.000000 0.537868 
 1227 0 400.000000 0.289181 -151.007869 2.999703 0.000000 0.387617 
 1228 0 400.000000 0.290042 -151.276763 3.021321 0.000000 0.257625 
 1231 0 400.000000 0.280427 -146.841543 2.907307 0.000000 1.218279 
 1240 0 400.000000 0.287868 -150.580101 2.998195 0.000000 0.317305 
 1241 0 400.000000 0.244670 -128.017781 2.547326 0.000000 2.029219 
 1243 0 400.000000 0.293141 -153.144235 3.039116 0.000000 0.348081 
 1245 0 400.000000 0.280472 -146.523820 2.920473 0.000000 1.072180 
 1246 0 400.000000 0.264712 -138.284936 2.741473 0.000000 0.828071 
 1247 0 400.000000 0.259354 -135.541808 2.688657 0.000000 0.499098 
 1252 0 400.000000 0.265192 -138.346985 2.763760 0.000000 0.493762 
 1258 1 400.000000 0.314014 -163.408098 3.253859 0.000000 0.054270 
 1261 0 400.000000 0.308361 -160.618824 3.201316 0.000000 0.416669 
 1262 0 400.000000 0.324045 -168.687726 3.356661 -0.000000 0.868978 
 1264 0 400.000000 0.287178 -149.675587 2.973891 0.000000 1.501297 
 1267 0 400.000000 0.308361 -160.711753 3.185586 0.000000 0.670546 
 1270 0 400.000000 0.355523 -184.768911 3.682068 0.000000 0.188594 
 1271 0 400.000000 0.294352 -153.525682 3.041663 0.000000 0.348046 
 1278 0 400.000000 0.326008 -169.540689 3.379479 0.000000 0.587024 
 1280 0 400.000000 0.292889 -152.729432 3.028401 0.000000 0.662072 
 1281 0 400.000000 0.324032 -169.004210 3.359924 0.000000 0.178551 
 1283 0 400.000000 0.313959 -163.847646 3.244918 -0.000000 0.215345 
 1288 0 400.000000 0.299622 -156.098829 3.097923 0.000000 0.748532 
 1289 0 400.000000 0.280281 -146.254263 2.907429 0.000000 0.994573 
 1290 0 400.000000 0.315556 -164.196519 3.272258 0.000000 0.770769 
 1292 0 400.000000 0.303630 -158.400331 3.136948 0.000000 0.568914 
 1296 0 400.000000 0.331498 -172.447572 3.420563 0.000000 0.437800 
 1297 0 400.000000 0.333779 -174.164724 3.463609 0.000000 0.152226 
 1300 0 400.000000 0.320221 -167.098540 3.302345 0.000000 0.154301 
 1301 0 400.000000 0.308103 -160.748356 3.196499 0.000000 0.356546 
 1303 0 400.000000 0.283759 -147.737529 2.931696 -0.000000 2.141072 
 1307 1 400.000000 0.315465 -164.605195 3.261354 -0.000000 -0.026300 
 1311 0 400.000000 0.290068 -151.552188 3.001277 0.000000 0.596676 
 1317 0 400.000000 0.308122 -160.606587 3.187826 -0.000000 0.126221 
 1319 0 400.000000 0.305779 -159.647120 3.168654 0.000000 0.469060 
 1322 0 400.000000 0.327838 -171.007782 3.405594 0.000000 0.235960 
 1325 0 400.000000 0.302429 -157.861203 3.128934 0.000000 1.003867 
 1326 1 400.000000 0.341515 -177.779613 3.546744 0.000000 0.054375 
 1327 0 400.000000 0.354143 -184.301496 3.665331 0.000000 0.183302 
 1329 0 400.000000 0.333267 -173.336007 3.442378 -0.000000 0.127216 
 1331 0 400.000000 0.335491 -174.604464 3.473340 0.000000 0.203201 
 1332 0 400.000000 0.351075 -182.874951 3.618060 0.000000 0.301234 
