 500 1 400.000000 0.248965 -144.951766 2.437090 -0.000000 -0.076597 
 501 0 400.000000 0.250000 -145.534108 2.462467 0.000000 -0.263498 
 503 0 400.000000 0.252209 -146.942809 2.471175 -0.000000 0.505069 
 509 0 400.000000 0.244066 -141.973220 2.409029 -0.000000 0.825579 
 512 0 400.000000 0.248936 -145.009782 2.438753 0.000000 -0.085351 
 513 0 400.000000 0.243532 -141.841988 2.406690 0.000000 0.315681 
 518 0 400.000000 0.250000 -145.571226 2.459835 0.000000 -0.055682 
 521 0 400.000000 0.243378 -141.604970 2.403167 0.000000 0.290348 
 522 0 400.000000 0.246989 -143.721169 2.426799 0.000000 0.134537 
 528 0 400.000000 0.248084 -144.323931 2.442276 0.000000 0.060763 
 529 1 400.000000 0.260845 -151.947067 2.571412 -0.000000 -0.250579 
 537 0 400.000000 0.257136 -149.952903 2.533828 0.000000 0.194527 
 541 0 400.000000 0.257202 -149.971521 2.533300 -0.000000 0.837980 
 546 0 400.000000 0.263570 -153.769241 2.593065 0.000000 0.570918 
 548 0 400.000000 0.259530 -151.303609 2.556203 0.000000 0.028502 
 553 1 400.000000 0.261335 -152.532074 2.572170 -0.000000 0.010259 
 554 0 400.000000 0.257808 -150.329938 2.535365 -0.000000 0.187062 
 556 0 400.000000 0.271951 -158.636989 2.679315 0.000000 1.441368 
 559 0 400.000000 0.264306 -154.198829 2.601250 0.000000 0.567563 
 563 0 400.000000 0.256636 -149.595422 2.532807 0.000000 0.834156 
 564 0 400.000000 0.254846 -149.090112 2.513968 -0.000000 0.383733 
 567 1 400.000000 0.264824 -154.882358 2.616115 -0.000000 -0.053715 
 572 0 400.000000 0.265355 -155.227797 2.614194 0.000000 0.368018 
 574 0 400.000000 0.266740 -156.107045 2.629269 0.000000 0.184491 
 575 0 400.000000 0.260339 -152.240410 2.573844 0.000000 0.337393 
 576 0 400.000000 0.265532 -155.274608 2.613585 0.000000 0.618562 
 577 0 400.000000 0.265626 -155.342764 2.607146 0.000000 0.007661 
 578 0 400.000000 0.275528 -160.454807 2.717715 0.000000 0.942899 
 580 0 400.000000 0.265457 -155.338478 2.611249 0.000000 0.023573 
 581 0 400.000000 0.264032 -154.420985 2.591930 0.000000 0.425912 
 582 0 400.000000 0.276630 -161.583004 2.730323 -0.000000 0.486537 
 583 0 400.000000 0.260349 -152.138467 2.573524 0.000000 0.525187 
 586 0 400.000000 0.260295 -152.273235 2.569447 0.000000 0.110136 
 592 0 400.000000 0.266524 -156.456449 2.622569 0.000000 0.846675 
 594 0 400.000000 0.267934 -156.764995 2.650503 0.000000 0.877102 
 595 0 400.000000 0.266715 -156.104522 2.638068 0.000000 0.019467 
 596 0 400.000000 0.266941 -156.271467 2.625712 0.000000 0.531447 
 598 0 400.000000 0.270199 -158.186047 2.674131 0.000000 0.753251 
 599 0 400.000000 0.259346 -152.000104 2.562613 0.000000 0.276396 
 603 0 400.000000 0.271060 -159.123974 2.681732 -0.000000 0.082216 
 604 0 400.000000 0.250000 -146.720224 2.462094 -0.000000 1.772359 
 609 0 400.000000 0.265569 -155.981559 2.621452 0.000000 0.262865 
 614 0 400.000000 0.265981 -156.206638 2.634099 0.000000 0.423332 
 615 0 400.000000 0.271568 -159.542219 2.680848 0.000000 0.269517 
 617 0 400.000000 0.269047 -158.192692 2.657636 0.000000 0.620857 
 621 0 400.000000 0.261519 -153.198852 2.584295 0.000000 0.721114 
 627 0 400.000000 0.263566 -154.748713 2.596754 0.000000 0.605662 
 629 0 400.000000 0.278511 -163.805919 2.754967 -0.000000 0.366197 
 631 0 400.000000 0.267165 -157.085913 2.631327 0.000000 0.474531 
 632 0 400.000000 0.264411 -155.343979 2.608464 -0.000000 0.207430 
 633 0 400.000000 0.269540 -158.300608 2.664862 0.000000 0.421489 
 635 0 400.000000 0.259821 -152.789558 2.559316 0.000000 -0.445924 
 636 1 400.000000 0.266242 -156.695351 2.628228 -0.000000 -0.338131 
 647 0 400.000000 0.265965 -156.368711 2.621632 0.000000 0.024105 
 648 0 400.000000 0.268004 -157.587689 2.648544 0.000000 0.252927 
 655 0 400.000000 0.259274 -152.574007 2.554884 0.000000 -0.365166 
 658 0 400.000000 0.261869 -154.084537 2.588070 0.000000 0.351352 
 665 0 400.000000 0.260843 -153.051783 2.588176 0.000000 0.726508 
 667 0 400.000000 0.260843 -153.520899 2.577722 0.000000 0.880084 
 672 0 400.000000 0.256763 -151.383332 2.544123 0.000000 0.122551 
 676 0 400.000000 0.255920 -151.433705 2.536837 0.000000 0.222232 
 679 0 400.000000 0.268971 -158.668044 2.664294 -0.000000 1.050970 
 682 0 400.000000 0.285389 -169.307037 2.825770 -0.000000 0.215630 
 684 0 400.000000 0.255664 -151.250942 2.532631 0.000000 0.202171 
 688 0 400.000000 0.261386 -154.821323 2.588187 0.000000 0.305772 
 691 0 400.000000 0.259690 -154.017761 2.578484 0.000000 0.022078 
 696 0 400.000000 0.261631 -155.135595 2.593212 0.000000 0.648085 
 699 0 400.000000 0.264845 -156.791602 2.629704 0.000000 0.152507 
 700 1 400.000000 0.282625 -167.745640 2.802684 -0.000000 -0.350998 
 701 0 400.000000 0.279392 -165.973735 2.771315 0.000000 0.120786 
 706 0 400.000000 0.283717 -168.383420 2.822757 0.000000 0.514077 
 712 0 400.000000 0.287376 -170.515227 2.849059 0.000000 0.362721 
 715 0 400.000000 0.294827 -174.555179 2.929032 -0.000000 0.176214 
 716 0 400.000000 0.278518 -164.968886 2.761994 0.000000 0.193696 
 718 0 400.000000 0.281337 -166.788310 2.802548 0.000000 1.041186 
 721 1 400.000000 0.270905 -160.317375 2.696812 -0.000000 -0.412424 
 727 0 400.000000 0.271017 -160.678579 2.688782 0.000000 -0.004838 
 730 0 400.000000 0.257142 -152.325461 2.559535 0.000000 0.425419 
 732 0 400.000000 0.279083 -165.370786 2.769695 0.000000 0.414198 
 740 0 400.000000 0.275850 -163.660297 2.737532 0.000000 0.363055 
 750 0 400.000000 0.261471 -155.324449 2.595375 0.000000 -0.331547 
 751 0 400.000000 0.261448 -155.373326 2.585690 0.000000 0.004155 
 753 0 400.000000 0.256776 -152.332129 2.557125 0.000000 0.204565 
 755 0 400.000000 0.263084 -156.334605 2.605046 0.000000 0.368136 
 761 0 400.000000 0.261247 -154.948489 2.596825 0.000000 0.381370 
 763 0 400.000000 0.256303 -152.187685 2.541096 0.000000 0.176189 
 772 0 400.000000 0.277370 -164.938198 2.758587 -0.000000 0.201015 
 777 0 400.000000 0.265430 -157.763571 2.635368 0.000000 0.043158 
 779 0 400.000000 0.239069 -142.007827 2.372401 0.000000 0.197446 
 781 0 400.000000 0.234411 -139.333118 2.326269 0.000000 0.597727 
 787 0 400.000000 0.244154 -144.886002 2.428932 0.000000 0.196147 
 789 0 400.000000 0.249260 -148.005239 2.470790 -0.000000 0.344868 
 790 0 400.000000 0.233582 -138.557859 2.314843 0.000000 0.126206 
 791 0 400.000000 0.239189 -141.793972 2.379974 0.000000 0.577784 
 793 0 400.000000 0.227964 -135.417307 2.259301 0.000000 0.550496 
 799 0 400.000000 0.267362 -158.616738 2.664797 -0.000000 0.405626 
 801 0 400.000000 0.233760 -138.674827 2.313399 0.000000 0.309276 
 802 0 400.000000 0.228801 -135.739852 2.267334 0.000000 0.817887 
 803 0 400.000000 0.239668 -142.103282 2.389036 0.000000 0.007195 
 805 0 400.000000 0.239387 -142.055053 2.367312 0.000000 0.172342 
 809 0 400.000000 0.243006 -144.249623 2.402918 0.000000 0.830111 
 810 0 400.000000 0.223897 -132.967051 2.221067 -0.000000 0.246503 
 812 0 400.000000 0.237019 -140.661976 2.354876 0.000000 0.526853 
 814 0 400.000000 0.231397 -137.438128 2.294416 0.000000 0.071039 
 815 1 400.000000 0.247997 -147.470367 2.472114 -0.000000 -0.014749 
 818 0 400.000000 0.259926 -154.673177 2.582900 0.000000 0.512025 
 820 0 400.000000 0.253812 -151.293905 2.526388 0.000000 0.901530 
 824 0 400.000000 0.259760 -154.862993 2.584518 0.000000 0.882490 
 825 0 400.000000 0.258847 -154.166937 2.572747 0.000000 0.191010 
 829 0 400.000000 0.258749 -154.131423 2.572382 0.000000 0.089079 
 832 1 400.000000 0.252620 -150.649523 2.511865 0.000000 0.021379 
 833 0 400.000000 0.259407 -154.638453 2.579030 0.000000 0.189726 
 837 0 400.000000 0.253130 -150.982370 2.516552 0.000000 1.248315 
 841 0 400.000000 0.246616 -147.148215 2.451107 0.000000 0.213699 
 843 0 400.000000 0.229289 -136.669063 2.284013 0.000000 0.499874 
 851 0 400.000000 0.248887 -148.251348 2.478156 -0.000000 1.008303 
 852 0 400.000000 0.244824 -145.967737 2.431445 0.000000 0.926752 
 853 0 400.000000 0.245329 -146.286230 2.440965 0.000000 0.178231 
 857 0 400.000000 0.257929 -153.601695 2.565852 0.000000 0.026096 
 858 0 400.000000 0.260439 -154.918736 2.597493 0.000000 1.149568 
 863 0 400.000000 0.258350 -154.048726 2.571038 0.000000 0.553522 
 868 0 400.000000 0.226506 -135.020472 2.249466 -0.000000 0.185612 
 869 0 400.000000 0.245329 -146.152596 2.445574 0.000000 0.080640 
 870 0 400.000000 0.232007 -138.174997 2.315484 0.000000 0.386904 
 878 0 400.000000 0.272158 -162.197649 2.713653 0.000000 0.832159 
 880 0 400.000000 0.266434 -158.655176 2.648336 0.000000 0.677275 
 881 0 400.000000 0.257604 -153.534762 2.567704 0.000000 -0.097673 
 885 0 400.000000 0.270651 -161.371741 2.696902 0.000000 0.570400 
 892 0 400.000000 0.265698 -158.433439 2.641365 0.000000 0.425707 
 907 0 400.000000 0.250724 -149.620490 2.493936 0.000000 0.114448 
 909 0 400.000000 0.254795 -151.985057 2.536274 0.000000 0.544563 
 912 0 400.000000 0.250521 -149.355048 2.494645 0.000000 0.071292 
 918 0 400.000000 0.256473 -152.951101 2.552457 0.000000 -0.009717 
 922 1 400.000000 0.263356 -156.838281 2.621767 0.000000 0.031375 
 923 0 400.000000 0.271185 -161.622194 2.700399 0.000000 0.361235 
 924 0 400.000000 0.264368 -157.386295 2.633002 0.000000 0.001408 
 926 0 400.000000 0.262420 -156.281365 2.612653 0.000000 0.425542 
 927 0 400.000000 0.273666 -163.301605 2.724430 -0.000000 0.459907 
 928 1 400.000000 0.271267 -161.559923 2.700275 0.000000 0.062187 
 932 0 400.000000 0.276257 -164.619202 2.749671 -0.000000 0.470932 
 936 0 400.000000 0.273117 -162.612406 2.718583 0.000000 0.599269 
 942 0 400.000000 0.284929 -169.712282 2.838658 0.000000 1.424210 
 944 0 400.000000 0.284929 -169.914711 2.833395 -0.000000 1.184665 
 947 0 400.000000 0.269293 -160.527791 2.679130 0.000000 0.672487 
 950 0 400.000000 0.272848 -162.583394 2.717431 0.000000 0.383915 
 952 0 400.000000 0.321709 -192.385148 3.199991 -0.000000 1.064279 
 954 0 400.000000 0.264189 -157.478144 2.629832 0.000000 0.014213 
 955 1 400.000000 0.264426 -157.559321 2.629738 0.000000 0.002308 
 957 0 400.000000 0.255121 -152.079901 2.540123 -0.000000 0.347071 
 959 0 400.000000 0.260769 -155.427255 2.593024 0.000000 1.201327 
 971 0 400.000000 0.265581 -158.167605 2.642033 0.000000 0.757323 
 978 0 400.000000 0.273618 -162.895358 2.720616 0.000000 0.157116 
 979 1 400.000000 0.247183 -147.363560 2.462697 -0.000000 -0.127783 
 981 0 400.000000 0.257257 -153.348629 2.559469 0.000000 0.737224 
 982 0 400.000000 0.270074 -160.714143 2.685484 0.000000 0.286662 
 986 0 400.000000 0.248620 -148.022974 2.472083 0.000000 0.748960 
 988 0 400.000000 0.242160 -144.150750 2.415901 0.000000 0.721588 
 992 0 400.000000 0.198458 -118.005639 1.980339 -0.000000 0.271231 
 993 0 400.000000 0.249478 -148.350340 2.479755 0.000000 0.505017 
 995 0 400.000000 0.257694 -153.237615 2.572235 0.000000 0.553913 
 1004 0 400.000000 0.307652 -183.566779 3.069052 -0.000000 2.007039 
 1005 0 400.000000 0.254444 -151.480737 2.525695 0.000000 1.308061 
 1009 0 400.000000 0.246849 -147.019291 2.449242 0.000000 0.045713 
 1011 0 400.000000 0.304358 -181.390024 3.039014 -0.000000 1.074389 
 1015 0 400.000000 0.257045 -153.141532 2.564442 0.000000 0.657666 
 1017 0 400.000000 0.239634 -142.763230 2.378783 0.000000 0.688402 
 1023 0 400.000000 0.239634 -142.856508 2.390407 0.000000 0.136338 
 1025 0 400.000000 0.251063 -149.606907 2.493379 0.000000 0.496360 
 1026 0 400.000000 0.254223 -151.554987 2.529693 0.000000 0.080166 
 1034 0 400.000000 0.265362 -158.052228 2.641508 0.000000 0.442718 
 1035 0 400.000000 0.252765 -150.661962 2.520120 0.000000 1.327462 
 1039 0 400.000000 0.234424 -139.736077 2.337172 0.000000 0.297358 
 1045 0 400.000000 0.272628 -162.177435 2.708963 -0.000000 1.815679 
 1046 0 400.000000 0.252584 -150.528478 2.516570 0.000000 0.634105 
 1050 0 400.000000 0.254956 -151.260018 2.541238 0.000000 1.381972 
 1054 0 400.000000 0.238061 -141.725504 2.373591 0.000000 0.383728 
 1056 0 400.000000 0.272327 -162.136596 2.706074 0.000000 2.164713 
 1058 0 400.000000 0.255695 -152.039356 2.551249 0.000000 0.537016 
 1059 0 400.000000 0.216218 -128.690660 2.155447 0.000000 0.535569 
 1060 0 400.000000 0.264919 -157.559591 2.630466 -0.000000 1.797973 
 1066 0 400.000000 0.251374 -149.701536 2.510149 0.000000 1.172658 
 1067 0 400.000000 0.249089 -148.153734 2.480019 0.000000 0.704400 
 1070 0 400.000000 0.247380 -147.378916 2.469264 0.000000 -0.013374 
 1073 0 400.000000 0.239167 -142.512415 2.379849 0.000000 0.044499 
 1074 0 400.000000 0.229946 -136.250954 2.295532 0.000000 0.789212 
 1075 0 400.000000 0.217270 -129.322234 2.161837 0.000000 0.170034 
 1084 0 400.000000 0.242580 -143.965763 2.405830 0.000000 0.913764 
 1086 0 400.000000 0.265535 -158.290668 2.648489 -0.000000 0.748225 
 1094 0 400.000000 0.255782 -152.381009 2.548302 0.000000 1.687666 
 1095 0 400.000000 0.248789 -148.290297 2.470325 0.000000 0.036054 
 1099 0 400.000000 0.240158 -143.172741 2.386329 0.000000 0.174665 
 1102 0 400.000000 0.262660 -156.488519 2.614321 0.000000 0.103835 
 1105 0 400.000000 0.240694 -143.319632 2.397299 0.000000 0.881319 
 1107 0 400.000000 0.264235 -157.360933 2.627604 0.000000 1.222557 
 1108 0 400.000000 0.230019 -136.954769 2.288453 -0.000000 0.405540 
 1114 0 400.000000 0.257681 -153.235747 2.563342 -0.000000 1.146252 
 1119 0 400.000000 0.233785 -138.970132 2.324267 0.000000 0.461633 
 1120 0 400.000000 0.241339 -143.336636 2.402757 0.000000 0.660896 
 1124 0 400.000000 0.278844 -166.050157 2.776636 0.000000 1.367103 
 1128 0 400.000000 0.250093 -149.048133 2.491365 0.000000 0.624023 
 1134 0 400.000000 0.250093 -149.018189 2.485922 0.000000 0.022022 
 1135 0 400.000000 0.249940 -148.923991 2.485349 0.000000 0.080534 
 1136 0 400.000000 0.258812 -154.083841 2.577735 0.000000 1.007734 
 1139 0 400.000000 0.242177 -144.183388 2.408543 0.000000 0.083855 
 1140 0 400.000000 0.256982 -152.981889 2.560015 -0.000000 0.599590 
 1144 0 400.000000 0.241929 -143.905910 2.411353 -0.000000 0.611583 
 1146 0 400.000000 0.274487 -163.485863 2.726196 0.000000 1.162320 
 1149 0 400.000000 0.256140 -152.617017 2.550369 0.000000 2.227409 
 1151 0 400.000000 0.259439 -154.497184 2.580139 0.000000 0.345066 
 1156 0 400.000000 0.265696 -158.161586 2.649679 -0.000000 2.161563 
 1158 0 400.000000 0.213052 -126.805454 2.115205 -0.000000 0.678402 
 1161 0 400.000000 0.300749 -179.547979 2.992572 -0.000000 1.875183 
 1164 0 400.000000 0.238486 -141.645221 2.378691 0.000000 0.412057 
 1165 0 400.000000 0.254558 -151.439479 2.532794 0.000000 1.042046 
 1167 0 400.000000 0.246923 -146.991938 2.458119 -0.000000 0.419652 
 1168 0 400.000000 0.271616 -161.712487 2.709362 0.000000 1.724838 
 1174 0 400.000000 0.233955 -139.361944 2.322655 0.000000 0.183657 
 1180 0 400.000000 0.241567 -143.847506 2.408956 0.000000 0.123884 
 1181 0 400.000000 0.248222 -147.805246 2.466838 0.000000 0.064140 
 1190 0 400.000000 0.246311 -146.722321 2.448672 0.000000 0.038470 
 1191 0 400.000000 0.257271 -152.995415 2.565153 0.000000 0.501360 
 1192 0 400.000000 0.232285 -138.220639 2.316238 0.000000 0.147758 
 1194 0 400.000000 0.272346 -162.132093 2.707694 -0.000000 1.057066 
 1201 0 400.000000 0.254593 -151.485320 2.530394 0.000000 0.384690 
 1202 0 400.000000 0.279041 -166.278714 2.775815 0.000000 1.579612 
 1207 0 400.000000 0.282070 -168.139862 2.812195 -0.000000 0.733125 
 1209 0 400.000000 0.235137 -140.233581 2.335897 0.000000 0.741047 
 1211 0 400.000000 0.228015 -135.812106 2.272554 0.000000 0.296120 
 1217 0 400.000000 0.222045 -132.402554 2.204937 0.000000 0.319566 
 1220 0 400.000000 0.254595 -151.972839 2.531214 -0.000000 0.814119 
 1222 0 400.000000 0.238842 -142.101573 2.377513 0.000000 0.067321 
 1225 0 400.000000 0.216682 -128.646649 2.150838 0.000000 0.537868 
 1227 0 400.000000 0.243832 -145.349692 2.431102 0.000000 0.387617 
 1228 0 400.000000 0.243400 -145.133749 2.417277 0.000000 0.257625 
 1231 0 400.000000 0.246710 -147.032014 2.460883 0.000000 1.218279 
 1240 0 400.000000 0.231008 -137.582668 2.291960 0.000000 0.317305 
 1241 0 400.000000 0.282059 -167.992659 2.800013 0.000000 2.029219 
 1243 0 400.000000 0.236146 -140.565433 2.356617 0.000000 0.348081 
 1245 0 400.000000 0.246687 -146.634313 2.450021 -0.000000 1.072180 
 1246 0 400.000000 0.257057 -152.995202 2.568430 0.000000 0.828071 
 1247 0 400.000000 0.273622 -163.126816 2.728616 -0.000000 0.499098 
 1252 0 400.000000 0.264413 -157.485690 2.625933 -0.000000 0.493762 
 1258 0 400.000000 0.212752 -126.592663 2.121722 0.000000 0.054270 
 1261 0 400.000000 0.222573 -132.621961 2.215154 0.000000 0.416669 
 1262 0 400.000000 0.203829 -121.005086 2.033695 0.000000 0.868978 
 1264 0 400.000000 0.236344 -140.871127 2.345837 0.000000 1.501297 
 1267 0 400.000000 0.222573 -132.580994 2.214137 0.000000 0.670546 
 1270 0 400.000000 0.170302 -101.426402 1.697064 -0.000000 0.188594 
 1271 0 400.000000 0.237889 -141.998600 2.364544 -0.000000 0.348046 
 1278 0 400.000000 0.206533 -123.251015 2.056448 0.000000 0.587024 
 1280 0 400.000000 0.231056 -137.767826 2.296703 0.000000 0.662072 
 1281 0 400.000000 0.195937 -116.815816 1.950880 0.000000 0.178551 
 1283 0 400.000000 0.211416 -126.026390 2.101518 0.000000 0.215345 
 1288 0 400.000000 0.239993 -143.010918 2.387625 0.000000 0.748532 
 1289 0 400.000000 0.250437 -149.473322 2.493166 -0.000000 0.994573 
 1290 0 400.000000 0.226754 -135.123282 2.256469 -0.000000 0.770769 
 1292 0 400.000000 0.220968 -131.655491 2.197553 0.000000 0.568914 
 1296 0 400.000000 0.195912 -116.636240 1.948954 0.000000 0.437800 
 1297 0 400.000000 0.189515 -112.872159 1.888230 -0.000000 0.152226 
 1300 0 400.000000 0.201649 -120.114358 2.007982 0.000000 0.154301 
 1301 0 400.000000 0.213638 -127.049619 2.128942 0.000000 0.356546 
 1303 0 400.000000 0.253650 -150.977501 2.523106 0.000000 2.141072 
 1307 0 400.000000 0.210646 -125.266938 2.094464 0.000000 -0.026300 
 1311 0 400.000000 0.246786 -147.024772 2.453358 -0.000000 0.596676 
 1317 0 400.000000 0.225337 -134.029307 2.244654 0.000000 0.126221 
 1319 0 400.000000 0.218069 -129.879601 2.167611 0.000000 0.469060 
 1322 0 400.000000 0.188572 -112.239050 1.875648 0.000000 0.235960 
 1325 0 400.000000 0.220806 -131.527407 2.199047 0.000000 1.003867 
 1326 0 400.000000 0.178828 -106.520771 1.778624 0.000000 0.054375 
 1327 0 400.000000 0.164066 -97.556101 1.630723 0.000000 0.183302 
 1329 0 400.000000 0.192928 -114.893704 1.921078 0.000000 0.127216 
 1331 0 400.000000 0.190521 -113.546742 1.893393 -0.000000 0.203201 
 1332 0 400.000000 0.162488 -96.831641 1.617470 0.000000 0.301234 
