 500 0 400.000000 0.250090 -119.408700 2.366164 0.000000 -0.076597 
 501 0 400.000000 0.250000 -119.313172 2.350009 0.000000 -0.263498 
 503 0 400.000000 0.250236 -119.407122 2.376655 0.000000 0.505069 
 509 0 400.000000 0.258792 -123.379623 2.430143 0.000000 0.825579 
 512 0 400.000000 0.250092 -119.393767 2.373092 0.000000 -0.085351 
 513 0 400.000000 0.240956 -115.180243 2.263733 0.000000 0.315681 
 518 0 400.000000 0.250000 -119.652791 2.347022 0.000000 -0.055682 
 521 0 400.000000 0.249619 -119.401980 2.356425 -0.000000 0.290348 
 522 0 400.000000 0.252849 -120.954966 2.375196 -0.000000 0.134537 
 528 0 400.000000 0.253294 -121.105703 2.410327 0.000000 0.060763 
 529 1 400.000000 0.244051 -116.826606 2.310423 0.000000 -0.250579 
 537 0 400.000000 0.241412 -115.270344 2.290474 -0.000000 0.194527 
 541 0 400.000000 0.240800 -115.006762 2.285977 0.000000 0.837980 
 546 0 400.000000 0.243635 -116.434095 2.303499 0.000000 0.570918 
 548 0 400.000000 0.256146 -122.536677 2.429627 -0.000000 0.028502 
 553 1 400.000000 0.250043 -119.422798 2.375737 -0.000000 0.010259 
 554 0 400.000000 0.246872 -117.954921 2.337340 0.000000 0.187062 
 556 0 400.000000 0.247133 -118.136475 2.341404 0.000000 1.441368 
 559 0 400.000000 0.244002 -116.662875 2.302811 0.000000 0.567563 
 563 0 400.000000 0.250143 -119.601092 2.358875 0.000000 0.834156 
 564 0 400.000000 0.256247 -122.323181 2.422350 -0.000000 0.383733 
 567 0 400.000000 0.246818 -118.088069 2.327096 0.000000 -0.053715 
 572 0 400.000000 0.255917 -122.678553 2.414821 -0.000000 0.368018 
 574 0 400.000000 0.243543 -116.377675 2.313799 0.000000 0.184491 
 575 0 400.000000 0.259430 -124.229975 2.447382 -0.000000 0.337393 
 576 0 400.000000 0.259250 -124.252975 2.444348 -0.000000 0.618562 
 577 1 400.000000 0.249923 -119.359258 2.373742 -0.000000 0.007661 
 578 0 400.000000 0.246778 -118.006821 2.346669 0.000000 0.942899 
 580 0 400.000000 0.246880 -118.030943 2.325650 0.000000 0.023573 
 581 0 400.000000 0.259871 -124.354706 2.466830 -0.000000 0.425912 
 582 0 400.000000 0.236512 -113.100483 2.250813 0.000000 0.486537 
 583 0 400.000000 0.259749 -124.281109 2.453841 -0.000000 0.525187 
 586 0 400.000000 0.256465 -122.741184 2.442137 -0.000000 0.110136 
 592 0 400.000000 0.237604 -113.568463 2.239596 -0.000000 0.846675 
 594 0 400.000000 0.244962 -117.107845 2.330687 0.000000 0.877102 
 595 1 400.000000 0.250106 -119.503860 2.370902 -0.000000 0.019467 
 596 0 400.000000 0.247823 -118.445201 2.338105 0.000000 0.531447 
 598 0 400.000000 0.246911 -118.046022 2.347481 0.000000 0.753251 
 599 0 400.000000 0.245019 -117.205331 2.323831 0.000000 0.276396 
 603 0 400.000000 0.250715 -119.851093 2.378890 0.000000 0.082216 
 604 0 400.000000 0.250000 -119.417772 2.362905 0.000000 1.772359 
 609 0 400.000000 0.250994 -119.790292 2.374420 -0.000000 0.262865 
 614 0 400.000000 0.268537 -128.340998 2.547979 -0.000000 0.423332 
 615 0 400.000000 0.260369 -124.567181 2.471766 -0.000000 0.269517 
 617 0 400.000000 0.244348 -116.704434 2.311272 -0.000000 0.620857 
 621 0 400.000000 0.250986 -120.303337 2.384890 -0.000000 0.721114 
 627 0 400.000000 0.249043 -119.175447 2.374883 0.000000 0.605662 
 629 0 400.000000 0.250901 -119.994859 2.383690 0.000000 0.366197 
 631 0 400.000000 0.244836 -117.259315 2.334159 -0.000000 0.474531 
 632 0 400.000000 0.261955 -125.392237 2.494658 -0.000000 0.207430 
 633 0 400.000000 0.250236 -120.042082 2.377039 -0.000000 0.421489 
 635 0 400.000000 0.251515 -120.542528 2.396893 0.000000 -0.445924 
 636 0 400.000000 0.251275 -120.450891 2.393511 0.000000 -0.338131 
 647 0 400.000000 0.247783 -118.762801 2.357851 0.000000 0.024105 
 648 0 400.000000 0.247208 -118.566865 2.356233 0.000000 0.252927 
 655 0 400.000000 0.248110 -118.963276 2.358143 0.000000 -0.365166 
 658 0 400.000000 0.251165 -120.617701 2.381759 -0.000000 0.351352 
 665 0 400.000000 0.241270 -115.859527 2.298380 -0.000000 0.726508 
 667 0 400.000000 0.241270 -115.642278 2.289574 0.000000 0.880084 
 672 0 400.000000 0.253429 -121.288713 2.414835 0.000000 0.122551 
 676 0 400.000000 0.251040 -119.967531 2.386294 0.000000 0.222232 
 679 0 400.000000 0.241143 -115.180413 2.279994 0.000000 1.050970 
 682 0 400.000000 0.248770 -118.854238 2.365532 0.000000 0.215630 
 684 0 400.000000 0.247710 -118.557795 2.350527 0.000000 0.202171 
 688 0 400.000000 0.242933 -116.289852 2.302728 0.000000 0.305772 
 691 0 400.000000 0.255558 -122.035468 2.420600 -0.000000 0.022078 
 696 0 400.000000 0.246527 -117.872663 2.332245 0.000000 0.648085 
 699 0 400.000000 0.241832 -115.843682 2.292439 0.000000 0.152507 
 700 1 400.000000 0.241010 -115.425261 2.279355 0.000000 -0.350998 
 701 0 400.000000 0.238257 -114.048299 2.262179 -0.000000 0.120786 
 706 0 400.000000 0.242139 -116.134824 2.311605 0.000000 0.514077 
 712 0 400.000000 0.243808 -117.232668 2.308864 -0.000000 0.362721 
 715 0 400.000000 0.233123 -111.905481 2.219470 0.000000 0.176214 
 716 0 400.000000 0.248332 -119.028095 2.354794 -0.000000 0.193696 
 718 0 400.000000 0.253946 -121.771816 2.418600 -0.000000 1.041186 
 721 0 400.000000 0.238862 -114.663062 2.266347 0.000000 -0.412424 
 727 1 400.000000 0.235309 -112.769920 2.241365 0.000000 -0.004838 
 730 0 400.000000 0.229909 -110.251709 2.187056 -0.000000 0.425419 
 732 0 400.000000 0.240869 -115.692745 2.290442 -0.000000 0.414198 
 740 0 400.000000 0.235681 -112.885708 2.245015 0.000000 0.363055 
 750 0 400.000000 0.235719 -113.021584 2.236325 0.000000 -0.331547 
 751 1 400.000000 0.232144 -111.244019 2.210280 0.000000 0.004155 
 753 0 400.000000 0.235299 -112.766409 2.236848 -0.000000 0.204565 
 755 0 400.000000 0.226877 -108.919649 2.158623 -0.000000 0.368136 
 761 0 400.000000 0.238116 -114.272359 2.267019 -0.000000 0.381370 
 763 0 400.000000 0.231691 -111.132557 2.198171 0.000000 0.176189 
 772 0 400.000000 0.232728 -111.557953 2.221391 0.000000 0.201015 
 777 1 400.000000 0.227804 -109.209337 2.174568 0.000000 0.043158 
 779 1 400.000000 0.224109 -107.615801 2.120358 -0.000000 0.197446 
 781 0 400.000000 0.236906 -113.827718 2.261240 -0.000000 0.597727 
 787 0 400.000000 0.224603 -107.796976 2.127061 0.000000 0.196147 
 789 0 400.000000 0.215881 -103.537707 2.058703 0.000000 0.344868 
 790 0 400.000000 0.223077 -106.930412 2.121009 0.000000 0.126206 
 791 0 400.000000 0.229873 -110.414952 2.178032 -0.000000 0.577784 
 793 0 400.000000 0.219606 -105.284248 2.094381 0.000000 0.550496 
 799 0 400.000000 0.218289 -104.565270 2.071778 0.000000 0.405626 
 801 0 400.000000 0.220796 -105.756236 2.104530 -0.000000 0.309276 
 802 0 400.000000 0.225805 -108.172373 2.153481 0.000000 0.817887 
 803 1 400.000000 0.228001 -109.282221 2.165995 -0.000000 0.007195 
 805 0 400.000000 0.226535 -108.390164 2.158174 0.000000 0.172342 
 809 0 400.000000 0.237203 -114.062450 2.263591 -0.000000 0.830111 
 810 0 400.000000 0.227956 -109.312573 2.175552 0.000000 0.246503 
 812 0 400.000000 0.227964 -109.431624 2.169235 0.000000 0.526853 
 814 0 400.000000 0.227251 -109.046453 2.169239 0.000000 0.071039 
 815 0 400.000000 0.227970 -109.349289 2.171506 0.000000 -0.014749 
 818 0 400.000000 0.230564 -110.621437 2.199568 0.000000 0.512025 
 820 0 400.000000 0.237157 -114.061259 2.255430 -0.000000 0.901530 
 824 0 400.000000 0.227985 -109.522449 2.167571 0.000000 0.882490 
 825 0 400.000000 0.229338 -110.221107 2.183591 0.000000 0.191010 
 829 0 400.000000 0.221183 -106.321728 2.104540 -0.000000 0.089079 
 832 1 400.000000 0.225237 -108.175309 2.141674 -0.000000 0.021379 
 833 0 400.000000 0.224500 -107.995149 2.135257 0.000000 0.189726 
 837 0 400.000000 0.227902 -109.460742 2.167546 0.000000 1.248315 
 841 0 400.000000 0.228483 -109.711909 2.173284 -0.000000 0.213699 
 843 0 400.000000 0.237852 -114.340093 2.266800 -0.000000 0.499874 
 851 0 400.000000 0.216080 -103.855469 2.060304 0.000000 1.008303 
 852 0 400.000000 0.225145 -108.038213 2.144091 0.000000 0.926752 
 853 0 400.000000 0.225193 -108.099235 2.142247 0.000000 0.178231 
 857 0 400.000000 0.226397 -108.673594 2.154424 0.000000 0.026096 
 858 0 400.000000 0.226949 -108.834938 2.161008 0.000000 1.149568 
 863 0 400.000000 0.232092 -111.449243 2.215046 -0.000000 0.553522 
 868 0 400.000000 0.223029 -107.052437 2.130107 0.000000 0.185612 
 869 0 400.000000 0.225193 -107.929374 2.144862 0.000000 0.080640 
 870 0 400.000000 0.223919 -107.574644 2.130200 0.000000 0.386904 
 878 0 400.000000 0.228057 -109.555990 2.166204 0.000000 0.832159 
 880 0 400.000000 0.227296 -109.034371 2.171071 0.000000 0.677275 
 881 0 400.000000 0.226556 -108.979125 2.160546 0.000000 -0.097673 
 885 0 400.000000 0.219171 -105.149554 2.092115 -0.000000 0.570400 
 892 0 400.000000 0.220981 -106.255700 2.107198 0.000000 0.425707 
 907 0 400.000000 0.221548 -106.426709 2.104504 0.000000 0.114448 
 909 0 400.000000 0.223599 -107.411432 2.133473 -0.000000 0.544563 
 912 0 400.000000 0.225301 -108.221573 2.142619 0.000000 0.071292 
 918 1 400.000000 0.229239 -110.008001 2.187412 -0.000000 -0.009717 
 922 0 400.000000 0.225377 -108.193337 2.152166 0.000000 0.031375 
 923 0 400.000000 0.227845 -109.297365 2.170739 0.000000 0.361235 
 924 0 400.000000 0.213132 -102.130142 2.027376 0.000000 0.001408 
 926 0 400.000000 0.210732 -101.011710 2.012177 -0.000000 0.425542 
 927 0 400.000000 0.211452 -101.355493 2.015304 0.000000 0.459907 
 928 1 400.000000 0.213652 -102.422832 2.033198 -0.000000 0.062187 
 932 0 400.000000 0.211831 -101.722524 2.015706 0.000000 0.470932 
 936 0 400.000000 0.215876 -103.577648 2.053112 0.000000 0.599269 
 942 0 400.000000 0.210361 -100.924671 2.006974 0.000000 1.424210 
 944 0 400.000000 0.210361 -101.036812 2.000914 0.000000 1.184665 
 947 0 400.000000 0.211278 -101.379939 2.017745 0.000000 0.672487 
 950 0 400.000000 0.215553 -103.842571 2.054149 -0.000000 0.383915 
 952 0 400.000000 0.209006 -100.510471 1.989379 0.000000 1.064279 
 954 0 400.000000 0.220722 -106.129687 2.102910 0.000000 0.014213 
 955 0 400.000000 0.216569 -103.995617 2.067832 0.000000 0.002308 
 957 0 400.000000 0.213388 -102.497359 2.027280 0.000000 0.347071 
 959 0 400.000000 0.206464 -99.298328 1.971177 0.000000 1.201327 
 971 0 400.000000 0.226266 -108.749455 2.157888 -0.000000 0.757323 
 978 0 400.000000 0.210515 -101.120246 2.002631 0.000000 0.157116 
 979 0 400.000000 0.218101 -104.753819 2.078967 0.000000 -0.127783 
 981 0 400.000000 0.211890 -101.766136 2.019433 0.000000 0.737224 
 982 0 400.000000 0.209916 -100.612513 1.997457 0.000000 0.286662 
 986 0 400.000000 0.220334 -105.832389 2.098270 -0.000000 0.748960 
 988 0 400.000000 0.223936 -107.520701 2.137420 -0.000000 0.721588 
 992 0 400.000000 0.225813 -108.402646 2.154067 0.000000 0.271231 
 993 0 400.000000 0.216166 -103.626436 2.064984 0.000000 0.505017 
 995 0 400.000000 0.207304 -99.427869 1.972876 0.000000 0.553913 
 1004 0 400.000000 0.212557 -102.223907 2.022289 0.000000 2.007039 
 1005 0 400.000000 0.214109 -102.891845 2.044898 0.000000 1.308061 
 1009 1 400.000000 0.214064 -102.815990 2.043825 -0.000000 0.045713 
 1011 0 400.000000 0.205915 -98.969378 1.956554 0.000000 1.074389 
 1015 0 400.000000 0.212007 -101.866959 2.015627 0.000000 0.657666 
 1017 0 400.000000 0.213633 -102.676357 2.037162 -0.000000 0.688402 
 1023 0 400.000000 0.213633 -102.635286 2.033546 0.000000 0.136338 
 1025 0 400.000000 0.201712 -96.934601 1.920860 0.000000 0.496360 
 1026 0 400.000000 0.210020 -100.792151 2.007541 -0.000000 0.080166 
 1034 0 400.000000 0.203101 -97.622840 1.939591 0.000000 0.442718 
 1035 0 400.000000 0.213364 -102.498699 2.035249 0.000000 1.327462 
 1039 0 400.000000 0.224236 -107.596754 2.140887 -0.000000 0.297358 
 1045 0 400.000000 0.217657 -104.363608 2.071011 0.000000 1.815679 
 1046 0 400.000000 0.216600 -104.261090 2.066481 -0.000000 0.634105 
 1050 0 400.000000 0.213871 -102.684060 2.039510 0.000000 1.381972 
 1054 0 400.000000 0.215086 -103.239927 2.049928 0.000000 0.383728 
 1056 0 400.000000 0.212662 -102.069855 2.028850 0.000000 2.164713 
 1058 0 400.000000 0.209169 -100.432055 1.991860 0.000000 0.537016 
 1059 0 400.000000 0.211226 -101.473241 2.016917 0.000000 0.535569 
 1060 0 400.000000 0.216772 -104.057192 2.067889 0.000000 1.797973 
 1066 0 400.000000 0.225001 -108.345555 2.139603 -0.000000 1.172658 
 1067 0 400.000000 0.223121 -107.346142 2.128310 -0.000000 0.704400 
 1070 1 400.000000 0.217114 -104.311461 2.064014 -0.000000 -0.013374 
 1073 0 400.000000 0.225791 -108.550854 2.148003 0.000000 0.044499 
 1074 0 400.000000 0.211968 -101.865431 2.014557 0.000000 0.789212 
 1075 0 400.000000 0.229700 -110.206939 2.190018 0.000000 0.170034 
 1084 0 400.000000 0.212446 -101.947945 2.028352 -0.000000 0.913764 
 1086 0 400.000000 0.215477 -103.514647 2.049329 0.000000 0.748225 
 1094 0 400.000000 0.212378 -101.936176 2.022079 0.000000 1.687666 
 1095 0 400.000000 0.206211 -98.913249 1.962822 -0.000000 0.036054 
 1099 0 400.000000 0.215878 -103.595579 2.055010 0.000000 0.174665 
 1102 0 400.000000 0.213582 -102.357817 2.034961 0.000000 0.103835 
 1105 0 400.000000 0.210515 -101.057264 2.011360 0.000000 0.881319 
 1107 0 400.000000 0.221751 -106.468779 2.110614 -0.000000 1.222557 
 1108 0 400.000000 0.212945 -102.283102 2.030259 0.000000 0.405540 
 1114 0 400.000000 0.211361 -101.433221 2.016407 0.000000 1.146252 
 1119 0 400.000000 0.216833 -104.052524 2.064706 -0.000000 0.461633 
 1120 0 400.000000 0.208058 -99.910941 1.981716 -0.000000 0.660896 
 1124 0 400.000000 0.214600 -103.107275 2.042731 0.000000 1.367103 
 1128 0 400.000000 0.210927 -101.372992 2.007523 0.000000 0.624023 
 1134 0 400.000000 0.210927 -101.344700 2.011239 0.000000 0.022022 
 1135 0 400.000000 0.211930 -101.981783 2.019324 0.000000 0.080534 
 1136 0 400.000000 0.225122 -108.495799 2.142061 -0.000000 1.007734 
 1139 0 400.000000 0.215221 -103.504806 2.051590 0.000000 0.083855 
 1140 0 400.000000 0.212132 -101.853669 2.018886 0.000000 0.599590 
 1144 0 400.000000 0.220324 -105.856948 2.097419 0.000000 0.611583 
 1146 0 400.000000 0.210677 -101.136365 2.009231 0.000000 1.162320 
 1149 0 400.000000 0.203817 -97.879732 1.940638 -0.000000 2.227409 
 1151 0 400.000000 0.213888 -102.696558 2.040989 0.000000 0.345066 
 1156 0 400.000000 0.207390 -99.609609 1.976511 0.000000 2.161563 
 1158 0 400.000000 0.212116 -101.720857 2.022398 0.000000 0.678402 
 1161 0 400.000000 0.210240 -100.941374 1.999624 0.000000 1.875183 
 1164 0 400.000000 0.213311 -102.376120 2.036336 -0.000000 0.412057 
 1165 0 400.000000 0.217155 -104.289399 2.066219 0.000000 1.042046 
 1167 0 400.000000 0.220652 -105.884684 2.108173 0.000000 0.419652 
 1168 0 400.000000 0.213031 -102.228767 2.033636 0.000000 1.724838 
 1174 0 400.000000 0.223434 -107.347400 2.126259 -0.000000 0.183657 
 1180 0 400.000000 0.215126 -103.376681 2.053329 -0.000000 0.123884 
 1181 0 400.000000 0.210600 -101.167073 2.006489 0.000000 0.064140 
 1190 0 400.000000 0.216711 -104.189063 2.062921 0.000000 0.038470 
 1191 0 400.000000 0.208997 -100.396807 1.991436 0.000000 0.501360 
 1192 0 400.000000 0.228773 -109.776361 2.181662 -0.000000 0.147758 
 1194 0 400.000000 0.221841 -106.514742 2.111782 0.000000 1.057066 
 1201 0 400.000000 0.212205 -101.913617 2.022253 -0.000000 0.384690 
 1202 0 400.000000 0.212174 -102.010426 2.019320 0.000000 1.579612 
 1207 0 400.000000 0.212518 -102.082020 2.022892 0.000000 0.733125 
 1209 0 400.000000 0.225164 -108.266623 2.146987 -0.000000 0.741047 
 1211 0 400.000000 0.224899 -107.456508 2.140248 0.000000 0.296120 
 1217 0 400.000000 0.215334 -103.350677 2.053883 -0.000000 0.319566 
 1220 0 400.000000 0.212183 -101.891416 2.022439 0.000000 0.814119 
 1222 0 400.000000 0.215203 -103.312569 2.049926 0.000000 0.067321 
 1225 0 400.000000 0.217998 -104.643827 2.080456 0.000000 0.537868 
 1227 0 400.000000 0.208468 -100.106451 1.985047 0.000000 0.387617 
 1228 0 400.000000 0.214406 -102.940638 2.044020 0.000000 0.257625 
 1231 0 400.000000 0.211110 -101.369593 2.010054 0.000000 1.218279 
 1240 0 400.000000 0.208086 -99.876655 1.981707 0.000000 0.317305 
 1241 0 400.000000 0.221635 -106.312826 2.114958 0.000000 2.029219 
 1243 0 400.000000 0.218639 -104.803321 2.084219 -0.000000 0.348081 
 1245 0 400.000000 0.211432 -101.357637 2.015784 -0.000000 1.072180 
 1246 0 400.000000 0.220786 -106.263406 2.108637 -0.000000 0.828071 
 1247 0 400.000000 0.205661 -98.728391 1.960866 0.000000 0.499098 
 1252 0 400.000000 0.215591 -103.618676 2.050409 0.000000 0.493762 
 1258 0 400.000000 0.213765 -102.810239 2.038626 0.000000 0.054270 
 1261 0 400.000000 0.208999 -100.474757 1.987606 0.000000 0.416669 
 1262 0 400.000000 0.211197 -101.646168 2.013202 0.000000 0.868978 
 1264 0 400.000000 0.214997 -103.332872 2.046078 0.000000 1.501297 
 1267 0 400.000000 0.208999 -100.412171 1.993550 0.000000 0.670546 
 1270 0 400.000000 0.210303 -101.006848 2.004315 0.000000 0.188594 
 1271 0 400.000000 0.214291 -103.037244 2.044226 0.000000 0.348046 
 1278 0 400.000000 0.211017 -101.329606 2.011009 0.000000 0.587024 
 1280 0 400.000000 0.219137 -105.539605 2.087766 -0.000000 0.662072 
 1281 0 400.000000 0.224989 -107.921388 2.142086 -0.000000 0.178551 
 1283 0 400.000000 0.206999 -99.438372 1.974821 0.000000 0.215345 
 1288 0 400.000000 0.212121 -101.932144 2.022528 -0.000000 0.748532 
 1289 0 400.000000 0.212300 -101.928239 2.021980 0.000000 0.994573 
 1290 0 400.000000 0.214485 -103.004928 2.044249 0.000000 0.770769 
 1292 0 400.000000 0.211842 -101.724186 2.019829 -0.000000 0.568914 
 1296 0 400.000000 0.209196 -100.407341 1.994608 0.000000 0.437800 
 1297 0 400.000000 0.214121 -102.796165 2.039567 0.000000 0.152226 
 1300 0 400.000000 0.217507 -104.373380 2.074296 0.000000 0.154301 
 1301 0 400.000000 0.219634 -105.649535 2.092856 -0.000000 0.356546 
 1303 0 400.000000 0.204411 -98.244345 1.948992 0.000000 2.141072 
 1307 1 400.000000 0.216944 -104.233125 2.066966 -0.000000 -0.026300 
 1311 0 400.000000 0.219725 -105.574125 2.092774 0.000000 0.596676 
 1317 0 400.000000 0.219813 -105.751375 2.094733 0.000000 0.126221 
 1319 0 400.000000 0.219480 -105.683132 2.089260 -0.000000 0.469060 
 1322 0 400.000000 0.224676 -108.102361 2.139269 0.000000 0.235960 
 1325 0 400.000000 0.214287 -103.119933 2.042729 0.000000 1.003867 
 1326 1 400.000000 0.216648 -104.126307 2.063286 -0.000000 0.054375 
 1327 0 400.000000 0.216827 -104.144394 2.064547 0.000000 0.183302 
 1329 0 400.000000 0.210663 -101.220502 2.008924 0.000000 0.127216 
 1331 0 400.000000 0.218827 -105.042280 2.082847 0.000000 0.203201 
 1332 0 400.000000 0.223585 -107.247676 2.130595 0.000000 0.301234 
